not Unique
NM_000071
[6444868, 6448480, 6449822, 6450511, 6450903, 6452118, 6453988, 6454630, 6455577, 6456880, 6457064, 6457293, 6457920, 6460186, 6463662, 6464943, 6467447]
NM_000071
[43053190, 43056802, 43058144, 43058833, 43059225, 43060440, 43062310, 43062952, 43063899, 43065202, 43065386, 43065615, 43066242, 43068508, 43071984, 43073265, 43075769]
NM_000344
[70049522, 70063414, 70065964, 70066933, 70067293, 70069234, 70070640, 70076520, 70077018]
NM_000344
[70924940, 70938838, 70941388, 70942357, 70942717, 70944657, 70946065, 70951940, 70952438]
NM_000394
[6560690, 6562200, 6563754]
NM_000394
[43169007, 43170516, 43172070]
NM_000451
[624343, 630465, 634617, 640820, 640998, 644390]
NM_000451
[624343, 630465, 634617, 640820, 640998, 644390]
NM_000513
[154182595, 154187769, 154190053, 154191687, 154193407, 154195929]
NM_000513
[154219733, 154224907, 154227191, 154228827, 154230547, 154233069]
NM_000513
[154257537, 154262711, 154264995, 154266631, 154268351, 154270873]
NM_000854
[23957413, 23958284, 23958550, 23960293, 23961019]
NM_000854
[23980027, 23980947, 23982627, 23982872, 23983396]
NM_000982
[120354660]
NM_000982
[27251554, 27253764, 27254219, 27255241, 27256183, 27256435]
NM_001075
[68815992, 68818028, 68822270, 68826409, 68827328, 68830599]
NM_001075
[69004576, 69008856, 69009915, 69014022, 69018237, 69019663, 69020088, 69020358]
NM_001327
[154585153, 154586151, 154586525]
NM_001327
[154617608, 154618138, 154618949]
NM_001355
[23961500, 23966889, 23967385]
NM_001355
[23971364, 23973767, 23974306, 23979725]
NM_001474
[49560875, 49561988, 49562545, 49565494, 49568091]
NM_001474
[49570433, 49571546, 49572103, 49575047, 49577640]
NM_001474
[49341181, 49342295, 49342852, 49345796, 49529868]
NM_001475
[49570441, 49571546, 49572103, 49575047, 49577640]
NM_001475
[49341189, 49342295, 49342852, 49345796, 49529868]
NM_001475
[49560883, 49561988, 49562545, 49565494, 49568091]
NM_001476
[49341182, 49342295, 49342852, 49345796, 49529868]
NM_001476
[49560876, 49561988, 49562545, 49565494, 49568091]
NM_001476
[49570434, 49571546, 49572103, 49575047, 49577640]
NM_001477
[49341209, 49342295, 49342852, 49345796, 49529868]
NM_001477
[49560903, 49561988, 49562545, 49565494, 49568091]
NM_001477
[49570461, 49571546, 49572103, 49575047, 49577640]
NM_001515
[71035123, 71037506, 71041521, 71042180, 71045443, 71048005, 71048761, 71049067, 71055351, 71059689, 71060119, 71060843, 71061271, 71061687, 71062707, 71067493]
NM_001515
[70415373, 70420248, 70421279, 70421734, 70422112, 70422872, 70423298, 70427584, 70433869, 70434178, 70434914, 70437530, 70440755, 70441415, 70445482, 70447233]
NM_001636
[1386151, 1387278, 1389240, 1391898]
NM_001636
[1386151, 1387278, 1389240, 1391898]
NM_002183
[1336615, 1341727, 1345315, 1348430, 1352099, 1352321, 1356220, 1358860, 1365137, 1378658, 1381022, 1382390]
NM_002183
[1336615, 1341727, 1345315, 1348430, 1352099, 1352321, 1356220, 1358860, 1365137, 1378658, 1381022, 1382390]
NM_002186
[155997580, 156002905, 156003448, 156003676, 156004419, 156005277, 156006082, 156007522, 156009815]
NM_002186
[57184100, 57189425, 57189968, 57190196, 57190939, 57191797, 57192602, 57194042, 57196335]
NM_002414
[2691132, 2714421, 2717604, 2719660, 2720355, 2722626, 2723313, 2726259, 2738199, 2740778]
NM_002414
[2691132, 2714421, 2717604, 2719660, 2720355, 2722626, 2723313, 2726259, 2738199, 2740778]
NM_002665
[87010464, 87016301, 87017552, 87021734]
NM_002665
[87748086, 87752246, 87753527, 87756819]
NM_003147
[52696895, 52697983, 52698785, 52700442, 52702580, 52704496, 52705127, 52705680, 52707111]
NM_003147
[52751202, 52752660, 52753187, 52753837, 52755799, 52757853, 52759500, 52760343, 52760913]
NM_003516
[149842217]
NM_003516
[149851060]
NM_003548
[149860763]
NM_003548
[149832656]
NM_003752
[28379581, 28379975, 28380291, 28380467, 28380631, 28383117, 28388057, 28388507, 28390290, 28390519, 28390839, 28391751, 28391979, 28392034, 28399870, 28400376, 28400614, 28400858, 28401206, 28401538, 28403517, 28403786]
NM_003752
[28711416, 28711656, 28713700, 28713908, 28714320, 28714635, 28714818, 28715306, 28723163, 28723447, 28724321, 28724657, 28724918, 28726604, 28727020, 28731828, 28734519, 28734777, 28734931, 28735172, 28735430]
NM_004038
[103749817, 103750423, 103750982, 103751932, 103752578, 103753548, 103754498, 103754714, 103756794, 103757023, 103758468]
NM_004038
[103687417, 103688957, 103689193, 103691293, 103691487, 103692426, 103693299, 103693978, 103694979, 103695471, 103696041]
NM_004038
[103655679, 103656284, 103656843, 103657793, 103658439, 103659409, 103660359, 103660576, 103662656, 103662885, 103664330]
NM_004043
[1595454, 1615132, 1623138, 1624268, 1627702, 1629820, 1632703, 1633149, 1636437, 1642802]
NM_004043
[1595454, 1615132, 1623138, 1624268, 1627702, 1629820, 1632703, 1633149, 1636437, 1642802]
NM_004084
[6977648, 6978459, 6980012]
NM_004084
[6996765, 6997576, 6999122]
NM_004192
[1403138, 1412731, 1417972, 1418981, 1421657, 1425524, 1427733, 1432268, 1435021, 1435693, 1439096, 1442185, 1452747]
NM_004192
[1403138, 1412731, 1417972, 1418981, 1421657, 1425524, 1427733, 1432268, 1435021, 1435693, 1439096, 1442185, 1452747]
NM_004197
[31971868, 31972301, 31972620, 31978902, 31979413, 31980450, 31980653, 31981003]
NM_004197
[32013269, 32013391, 32013741]
NM_004536
[70968482, 70974128, 70976159, 70976905, 70979868, 70983774, 70986744, 70987792, 70998723, 71001697, 71002091, 71003775, 71011274, 71012347, 71020658, 71024317, 71024614]
NM_004536
[71101255, 71102405, 71104743, 71108660, 71111630, 71112678, 71123616, 71126594, 71126988, 71128671]
NM_004649
[44133611, 44134101, 44136059, 44137176, 44140249, 44143204, 44144820]
NM_004649
[5116328, 5118690, 5121710, 5124755, 5125878, 5127897, 5128213]
NM_004676
[22490396, 22490585, 22501512, 22504208, 22513811]
NM_004676
[22071755, 22082079, 22084770, 22095731, 22095919]
NM_004677
[18135448]
NM_004677
[17768979]
NM_004678
[25030900, 25031316, 25037991, 25038808, 25041768, 25043945, 25048473, 25051675, 25052073]
NM_004678
[22984262, 22984568, 22987756, 22992302, 22994480, 22997451, 22998249, 23004924, 23005143]
NM_004678
[24618003, 24618309, 24621497, 24626043, 24628221, 24631193, 24631991, 24638666, 24638885]
NM_004679
[13985771, 13986338]
NM_004679
[14056217, 14056583]
NM_004680
[25622116, 25624454]
NM_004680
[24045229, 24046096]
NM_004729
[2486413, 2500816]
NM_004729
[2486413, 2500816]
NM_004825
[17878260]
NM_004825
[18025786]
NM_005049
[5130870, 5133425, 5133654, 5133901, 5135088, 5135934, 5137326, 5139697, 5140952, 5141276, 5141558, 5142531, 5143221, 5144090, 5146136, 5146657, 5147288, 5147778, 5148209, 5152960, 5154622]
NM_005049
[44107326, 44108983, 44113752, 44114178, 44114624, 44115263, 44115690, 44117819, 44118762, 44119386, 44120347, 44120630, 44120951, 44122176, 44124579, 44126010, 44126899, 44127931, 44128246, 44128551, 44130596]
NM_005054
[110513820, 110523495, 110526264, 110533464, 110536415, 110540054, 110543358, 110543535, 110544659, 110545068, 110545472, 110546553, 110546844, 110547103, 110549392, 110551723, 110557851, 110562611, 110563102, 110567375, 110567963, 110569656, 110576952]
NM_005054
[112368387, 112378052, 112380823, 112388023, 112390974, 112394617, 112397921, 112398098, 112399222, 112399631, 112400035, 112401116, 112401407, 112401666, 112403965, 112406296, 112412430, 112417192, 112417683, 112421959, 112422547, 112424239, 112433381]
NM_005054
[109794388, 109801782, 109803431, 109803978, 109808173, 109808749, 109813459, 109819695, 109821904, 109824221, 109824486, 109824829, 109825875, 109826300, 109826700, 109827791, 109828064, 109831316, 109834996, 109835818, 109845102, 109847809, 109855861]
NM_005058
[21511337, 21513346, 21513933, 21517056, 21519149, 21521312, 21522382, 21522934, 21523479, 21524511, 21524709, 21525209]
NM_005058
[21534878, 21536887, 21537474, 21540597, 21542690, 21544853, 21545923, 21546475, 21547020, 21548052, 21548249, 21548749]
NM_005058
[21880075, 21881063, 21881239, 21882271, 21882816, 21883368, 21884434, 21886559, 21888627, 21891824, 21892404, 21894378]
NM_005088
[1591592, 1593443, 1595383, 1599191, 1600658]
NM_005088
[1591592, 1593443, 1595383, 1599191, 1600658]
NM_005361
[152714585, 152715956, 152716895, 152717041]
NM_005361
[152749862, 152751508, 152752393, 152753612]
NM_005365
[149781936, 149785756, 149786001, 149786145]
NM_005365
[149581652, 149583319, 149583546, 149587393]
NM_005636
[48383526, 48384033, 48384560, 48385351, 48387310, 48389345, 48391868, 48392755]
NM_005636
[48402081, 48403451, 48405943, 48408064, 48409977, 48410749, 48411303, 48411861]
NM_005638
[155881279, 155889457, 155895622, 155898111, 155900496, 155919812, 155939700, 155941882]
NM_005638
[57067799, 57075977, 57082142, 57084631, 57087016, 57106332, 57126220, 57128402]
NM_005840
[155767734, 155773765]
NM_005840
[56954254, 56960285]
NM_006140
[1268799, 1274754, 1282677, 1285777, 1288518, 1288758, 1290336, 1294327, 1295426, 1300490, 1303922, 1305445, 1309401]
NM_006140
[1268799, 1274754, 1282677, 1285777, 1288518, 1288758, 1290336, 1294327, 1295426, 1300490, 1303922, 1305445, 1309401]
NM_006758
[6484622, 6486137, 6486321, 6487106, 6487362, 6492130, 6495992, 6499128]
NM_006758
[43092955, 43094470, 43094654, 43095437, 43095693, 43100452, 43104314, 43107450]
NM_006883
[624343, 630465, 634617, 640820, 640998, 658784]
NM_006883
[624343, 630465, 634617, 640820, 640998, 658784]
NM_006985
[14937442, 14941811, 14945573, 14945836, 14948929, 14950049, 14950219, 14951614]
NM_006985
[16335929, 16340305, 16344044, 16344307, 16347402, 16348526, 16348696, 16350091, 16350309]
NM_012151
[154886359]
NM_012151
[155382099]
NM_012151
[155456913]
NM_012227
[304749, 307359, 307731, 311418, 312765, 314149, 314889, 315228, 316913, 318438]
NM_012227
[304749, 307359, 307731, 311418, 312765, 314149, 314889, 315228, 316913, 318438]
NM_013239
[333932, 338603, 338777, 340764, 341306, 341882, 345515, 346173, 346700, 347233, 347589, 361404, 386367]
NM_013239
[333932, 338603, 338777, 340764, 341306, 341882, 345515, 346173, 346700, 347233, 347589, 361404, 386367]
NM_013453
[141583673, 141584606]
NM_013453
[141589707, 141590486]
NM_014218
[54769812, 54770848, 54773332, 54775164, 54778611, 54782921, 54783485, 54783636]
NM_014218
[54724458, 54739506, 54741979, 54743794, 54763890, 54766476, 54767043, 54767194]
NM_015259
[44226826, 44230053, 44231279, 44235271, 44236866, 44238447, 44240803]
NM_015259
[5022492, 5025008, 5026279, 5027934, 5032052, 5033407, 5034581]
NM_015667
[60914406, 60915822, 60916448, 60916764]
NM_015667
[61190035, 61191452, 61192078, 61192394]
NM_015868
[54754985, 54756113, 54758607, 54758856, 54760431, 54763890, 54766476, 54767043, 54767194]
NM_015868
[54738508, 54739506, 54741979, 54743794, 54747334, 54751648, 54752215, 54752366]
NM_016153
[149592522, 149594136]
NM_016153
[149774067, 149776082]
NM_016212
[32673527, 32675735]
NM_016212
[33194261, 33195826]
NM_016212
[33304341, 33305906]
NM_016212
[33360876, 33362441]
NM_016212
[33459647, 33461212]
NM_017411
[70924940, 70938838, 70941388, 70942357, 70942717, 70944657, 70946065, 70951940, 70952438]
NM_017411
[70049522, 70063414, 70065964, 70066933, 70067293, 70069234, 70070640, 70076520, 70077018]
NM_017445
[5972923]
NM_017445
[43565188]
NM_018390
[281393, 284166, 288732, 290647, 291498, 293034, 299096]
NM_018390
[281393, 284166, 288732, 290647, 291498, 293034, 299096]
NM_018661
[7428893, 7430072]
NM_018661
[7881203, 7882422]
NM_020364
[24833819, 24851578, 24851999, 24852651, 24853139, 24853292, 24854832, 24857275, 24859665, 24862061, 24864446, 24866841, 24869218, 24871598, 24873975, 24895687, 24896504, 24901111, 24905183]
NM_020364
[23219433, 23226343, 23226764, 23227416, 23227904, 23228057, 23229597, 23232040, 23234431, 23236827, 23241605, 23246385, 23248762, 23253540, 23255917, 23280012, 23280828, 23285437, 23289499]
NM_020364
[24763068, 24768898, 24773569, 24774349, 24784136, 24786513, 24788893, 24791270, 24793649, 24796026, 24798422, 24800812, 24803255, 24804727, 24804956, 24805456, 24806068, 24806434, 24813182]
NM_020420
[23129354, 23135174, 23139846, 23140625, 23152796, 23155173, 23157569, 23159952, 23162348, 23164739, 23167184, 23168656, 23168885, 23169385, 23169997, 23170363, 23198797]
NM_020420
[23219433, 23226343, 23226764, 23227416, 23227904, 23228057, 23229597, 23232040, 23234431, 23241605, 23243989, 23246385, 23248762, 23280012, 23280828, 23285437, 23289499]
NM_020420
[24763068, 24768898, 24773569, 24774349, 24788893, 24791270, 24793649, 24796026, 24798422, 24800812, 24803255, 24804727, 24804956, 24805456, 24806068, 24806434, 24813182]
NM_020420
[24833819, 24851578, 24851999, 24852651, 24853139, 24853292, 24854832, 24857275, 24859665, 24862061, 24864445, 24871598, 24873975, 24895687, 24896504, 24901111, 24905183]
NM_021059
[149840686]
NM_021059
[149852618]
NM_021123
[49341184, 49342295, 49342852, 49345796, 49529868]
NM_021123
[49560878, 49561988, 49562545, 49565494, 49568091]
NM_021123
[49570436, 49571546, 49572103, 49575047, 49577640]
NM_021967
[70025244, 70026406, 70041523]
NM_021967
[70900662, 70901824, 70916940]
NM_022053
[102247099, 102248436, 102307025, 102316962, 102317378, 102317832, 102318027, 102318247, 102318514, 102318740, 102318949, 102319236, 102321024, 102321441, 102321596, 102321783, 102322011, 102322208, 102322419, 102323062, 102323669, 102326262, 102326469]
NM_022053
[102360394, 102360791, 102363262, 102363979, 102364652, 102364790, 102365044, 102365223, 102365462, 102365604, 102366053, 102367768, 102368057, 102368285, 102368530, 102368786, 102368982, 102369198, 102369585, 102369962, 102379993, 102438552, 102439869]
NM_022148
[1190495, 1193217, 1196779, 1198561, 1202401, 1206432, 1208805, 1212555]
NM_022148
[1190495, 1193217, 1196779, 1198561, 1202401, 1206432, 1208805, 1212555]
NM_022874
[70049522, 70063414, 70065964, 70066933, 70067293, 70070640, 70076520, 70077018]
NM_022874
[70924940, 70938838, 70941388, 70942357, 70942717, 70946065, 70951940, 70952438]
NM_022875
[70049522, 70063414, 70065964, 70066933, 70067293, 70069234, 70070640, 70077018]
NM_022875
[70924940, 70938838, 70941388, 70942357, 70942717, 70944657, 70946065, 70952438]
NM_022876
[70049522, 70063414, 70065964, 70066933, 70067293, 70070640, 70076520, 70077018]
NM_022876
[70924940, 70938838, 70941388, 70942357, 70942717, 70946065, 70951940, 70952438]
NM_022877
[70049522, 70063414, 70065964, 70066933, 70067293, 70070640, 70077018]
NM_022877
[70924940, 70938838, 70941388, 70942357, 70942717, 70946065, 70952438]
NM_022892
[71101255, 71102405, 71104743, 71108660, 71111630, 71112678, 71123616, 71126594, 71126988, 71128671]
NM_022892
[70968482, 70974128, 70976159, 70976905, 70979868, 70983774, 70986744, 70987792, 70998723, 71001697, 71002091, 71003775, 71020658, 71024317, 71024614]
NM_022968
[70025244, 70026406, 70032314]
NM_022968
[70900662, 70901824, 70907733]
NM_022978
[70025250, 70026406, 70041523]
NM_022978
[70900668, 70901824, 70916940]
NM_024044
[29454500, 29455397, 29455543, 29457631, 29457927, 29458094]
NM_024044
[30193842, 30194739, 30194885, 30196973, 30197269, 30197436]
NM_030801
[52061826, 52062233, 52062986, 52064046, 52064500, 52064628, 52065329, 52065809, 52066082, 52066249, 52066864, 52067962, 52069129]
NM_030801
[52184822, 52185891, 52186396, 52187641, 52187948, 52188205, 52188673, 52189386, 52189551, 52189985, 52190993, 52191430, 52192056]
NM_031912
[46579015, 46580163, 46580893, 46581895, 46583731, 46584494, 46585597, 46587504]
NM_031912
[47750085, 47756042, 47757207, 47757920, 47759631, 47760786, 47761440, 47762633]
NM_032250
[66109846, 66112918, 66114526, 66118748, 66124794, 66124958, 66127695, 66131727, 66134483, 66141061, 66143714, 66144898, 66148888, 66149224, 66152651]
NM_032250
[67859314, 67862940, 67863217, 67867276, 67868428, 67871156, 67877759, 67880475, 67884485, 67887275, 67887395, 67893435, 67897558, 67899146, 67900492]
NM_032258
[38127953, 38129494, 38129729, 38131098, 38131620, 38132144, 38132581, 38133946, 38134538, 38135372, 38135851, 38136380, 38136850, 38137984]
NM_032258
[36428611, 36429093, 36430477, 36431000, 36431563, 36432013, 36432821, 36433485, 36434785, 36435224, 36435775, 36436338, 36437661, 36437909, 36439410]
NM_032260
[109792757, 109794164, 109801782, 109803431, 109803978, 109808173, 109808749, 109813459, 109819695, 109821904, 109824221, 109824486, 109824829, 109825875, 109826300, 109826700, 109827791, 109828064, 109831316, 109832850]
NM_032260
[110538487, 110540054, 110543358, 110543535, 110544659, 110545068, 110545472, 110546553, 110546844, 110547103, 110549392, 110551723, 110557851, 110562611, 110563102, 110567375, 110567963, 110569656, 110576952, 110578500]
NM_032454
[31971868, 31972301, 31972620, 31978902, 31979413, 31980450, 31980653, 31981003]
NM_032454
[32013269, 32013391, 32013741]
NM_032470
[32008419, 32009035, 32009276, 32009530, 32009720, 32009964, 32010216, 32010440, 32010702, 32010984, 32011152, 32011526, 32012151]
NM_032470
[32041154, 32041770, 32042011, 32042265, 32042454, 32042698, 32042950, 32043174, 32043436, 32043748, 32044006, 32044380, 32045005]
NM_032498
[120072263, 120075899, 120076876, 120077473]
NM_032498
[120158560, 120159014, 120160357, 120163457]
NM_033053
[72845041, 72845498, 72845871, 72846884, 72847129, 72848262]
NM_033053
[72872024, 72873549, 72873881, 72874824, 72875272, 72875630]
NM_033108
[18771813, 18773105]
NM_033108
[18546687, 18547778]
NM_033514
[109898431, 109903252, 109905879]
NM_033514
[110465050, 110468094, 110472596]
NM_058182
[7744920, 7748898, 7754951, 7758104]
NM_058182
[34375449, 34379427, 34385477, 34388628]
NM_058203
[7461264, 7462706, 7463442]
NM_058203
[7847879, 7848690, 7850015]
NM_080389
[7836470, 7841033]
NM_080389
[7470307, 7475010]
NM_080720
[154885041]
NM_080720
[155380778]
NM_080720
[155459418]
NM_139250
[154585153, 154586151, 154586525]
NM_139250
[154617608, 154618138, 154618949]
NM_145177
[2219513, 2243022, 2266739, 2291501, 2408744, 2425196, 2500816]
NM_145177
[2219513, 2243022, 2266739, 2291501, 2408744, 2425196, 2500816]
NM_145653
[47022286]
NM_145653
[47028201]
NM_145662
[141583673, 141584606]
NM_145662
[141589707, 141590486]
NM_152250
[7487668, 7488135, 7489426]
NM_152250
[7821965, 7823381, 7823768]
NM_152251
[7482503, 7486333]
NM_152251
[7825171, 7828804]
NM_152582
[135811979, 135813453, 135813927, 135816096, 135819773]
NM_152582
[135846497, 135847971, 135848445, 135850614, 135854299]
NM_152582
[135863775, 135865250, 135865724, 135867892, 135871573]
NM_152584
[18731439, 18773105]
NM_152584
[18546690, 18588535]
NM_152585
[22308862, 22405443, 22406024, 22409151, 22411244, 22413407, 22414477, 22415028, 22415573, 22416607, 22416804, 22417304]
NM_152585
[22168541, 22169529, 22169704, 22170738, 22171283, 22171834, 22172900, 22175025, 22177093, 22180290, 22180860, 22182834]
NM_153488
[152714585, 152716895, 152717041]
NM_153488
[152749862, 152751508, 152753787]
NM_153716
[18546670, 18547778]
NM_153716
[18771814, 18773105]
NM_170723
[24045792]
NM_170723
[25622116]
NM_172245
[1268799, 1274754, 1282677, 1285777, 1288518, 1288758, 1290336, 1294327, 1295426, 1300490, 1303922, 1305445, 1309401]
NM_172245
[1268799, 1274754, 1282677, 1285777, 1288518, 1288758, 1290336, 1294327, 1295426, 1300490, 1303922, 1305445, 1309401]
NM_172246
[1268799, 1274754, 1282677, 1285777, 1288518, 1288758, 1290336, 1294327, 1295426, 1300490, 1309401]
NM_172246
[1268799, 1274754, 1282677, 1285777, 1288518, 1288758, 1290336, 1294327, 1295426, 1300490, 1309401]
NM_172247
[1282677, 1285777, 1288518, 1288758, 1290336, 1294327, 1295426, 1300490, 1305445, 1309401]
NM_172247
[1282677, 1285777, 1288518, 1288758, 1290336, 1294327, 1295426, 1300490, 1305445, 1309401]
NM_172249
[1268799, 1274754, 1282677, 1285777, 1288518, 1288758, 1290336, 1305445, 1309401]
NM_172249
[1268799, 1274754, 1282677, 1285777, 1288518, 1288758, 1290336, 1305445, 1309401]
NM_173354
[6111129, 6112069, 6112738, 6116223, 6116461, 6116893, 6117127, 6117803, 6118255, 6118782, 6119023, 6119719, 6120486, 6121143]
NM_173354
[43414518, 43417542, 43418259, 43419020, 43419352, 43419858, 43420233, 43421009, 43421242, 43421637, 43421973, 43425406, 43426022, 43427009]
NM_173565
[5926145, 5928195, 5932781, 5935019, 5937757, 5938721, 5943323, 5943910, 5945063, 5948219, 5951294, 5953074, 5956004, 5957906, 5958992, 5960690, 5964501, 5965636, 5966862, 5967317, 5970617]
NM_173565
[6754108, 6757356, 6757592, 6759083, 6760225, 6763927, 6765705, 6766756, 6768589, 6771546, 6773349, 6776356, 6779609, 6780808, 6781327, 6785948, 6786877, 6789630, 6791903, 6796567, 6798362]
NM_173571
[120877490, 120930257, 120931300]
NM_173571
[120938700, 120939979, 120941022]
NM_173571
[120943560, 120944839, 120945882]
NM_173571
[120948422, 120949700, 120950743]
NM_173571
[120963025, 120964304, 120965347]
NM_173571
[120967885, 120969164, 120970207]
NM_173571
[120972745, 120974024, 120975067]
NM_173571
[120977605, 120978884, 120979927]
NM_173571
[120982465, 120983744, 120984787]
NM_173571
[120933840, 120935118, 120936161]
NM_173614
[18499923, 18500990, 18506872, 18509165, 18511545, 18513349, 18514341, 18515882, 18517188, 18519228, 18519500, 18520596, 18520764, 18523843, 18524488, 18527536, 18529500, 18531036, 18531465, 18533004, 18538525, 18538858, 18542171, 18542593, 18543616, 18547227, 18549520, 18551438, 18554806, 18557701, 18561875]
NM_173614
[16232594, 16236900, 16239850, 16243160, 16245067, 16247394, 16250927, 16251962, 16252432, 16255719, 16256007, 16261501, 16263073, 16263512, 16265042, 16267043, 16270120, 16270732, 16273688, 16273992, 16275011, 16275316, 16277369, 16278661, 16280188, 16281238, 16283015, 16285404, 16287742, 16293651, 16294167]
NM_175698
[52696895, 52697983, 52700442, 52702580, 52704496, 52705127, 52705680, 52707111]
NM_175698
[52751202, 52752660, 52753187, 52753837, 52755799, 52757853, 52760343, 52760913]
NM_175729
[48402081, 48403451, 48408064, 48409977, 48410749, 48411303, 48411861]
NM_175729
[48383526, 48384033, 48384560, 48385351, 48387310, 48391868, 48392755]
NM_175742
[152714585, 152714846, 152715078, 152715956, 152716895, 152717041]
NM_175742
[152749862, 152751508, 152752393, 152753312, 152753541, 152753787]
NM_175743
[152714585, 152715078, 152715956, 152716647, 152716895, 152717041]
NM_175743
[152749862, 152751508, 152751724, 152752393, 152753312, 152753787]
NM_176786
[155997580, 156001407, 156002881, 156003448, 156003683, 156004448, 156005277, 156006082, 156009815]
NM_176786
[57184100, 57187927, 57189401, 57189968, 57190203, 57190968, 57191797, 57192602, 57196335]
NM_177535
[52184822, 52185921, 52186396, 52187641, 52187948, 52188205, 52188673, 52189386, 52189551, 52189985, 52190993, 52191430, 52192056]
NM_177535
[52061826, 52062233, 52062986, 52064046, 52064500, 52064628, 52065329, 52065809, 52066082, 52066249, 52066864, 52067962, 52069129]
NM_177537
[52061826, 52062221, 52062986, 52064046, 52064500, 52064628, 52065329, 52065809, 52066082, 52066249, 52066864, 52067962, 52069129]
NM_177537
[52184822, 52185921, 52186396, 52187641, 52187948, 52188205, 52188673, 52189386, 52189551, 52189985, 52190993, 52191430, 52192056]
NM_177552
[29459885, 29461381, 29461637, 29461852, 29463344, 29463566, 29464159, 29464462]
NM_177552
[30199227, 30200724, 30200980, 30201195, 30202689, 30202911, 30203504, 30203807]
NM_178044
[30193842, 30194739, 30196973, 30197269, 30197436]
NM_178044
[29454500, 29455397, 29457631, 29457927, 29458094]
NM_178129
[1462572, 1536920]
NM_178129
[1462572, 1536920]
NM_181519
[46579015, 46580163, 46580893, 46581895, 46583731, 46584494, 46585597, 46589598, 46593988]
NM_181519
[47747648, 47752147, 47756042, 47757207, 47757920, 47759631, 47760786, 47761440, 47762633]
NM_181880
[13985771, 13986338]
NM_181880
[14056221, 14056583]
NM_194324
[104072872, 104074240, 104076139]
NM_194324
[103962596, 103964505, 103965538]
NM_198155
[44133611, 44134101, 44136059, 44137176, 44143204, 44144820]
NM_198155
[5116328, 5118690, 5124755, 5125878, 5127897, 5128213]
NM_198441
[57140917, 57141285, 57142377]
NM_198441
[57147487, 57147855, 57148947]
NM_198441
[57154060, 57154428, 57155520]
NM_198441
[57160631, 57160999, 57162091]
NM_198441
[57167196, 57167564, 57168656]
NM_198495
[144183454]
NM_198495
[144266673]
NM_198853
[72959484, 72960020, 72961349, 72965758, 72969284]
NM_198853
[75395628, 75398915, 75403644, 75404838, 75405181]
NM_198924
[72959476, 72960020, 72961349, 72965758, 72969284]
NM_198924
[75395628, 75398915, 75403644, 75404838, 75405181]
NM_205856
[48004335, 48007716, 48008375, 48009365, 48009548]
NM_205856
[48127220, 48130601, 48131260, 48132249, 48132432]
NM_207007
[36210907, 36211775, 36212481]
NM_207007
[36103672, 36104527, 36105224]
NM_001001418
[38003992, 38005559, 38005794, 38007163, 38007685, 38008209, 38008646, 38133946, 38134538, 38135372, 38135851, 38136380, 38136850, 38137984]
NM_001001418
[38057692, 38059557, 38060080, 38060643, 38061094, 38061902, 38062566, 38063870, 38064309, 38064860, 38065423, 38066746, 38066994, 38068495]
NM_001001418
[38181658, 38183523, 38184046, 38184609, 38185059, 38185867, 38186531, 38187833, 38188272, 38188823, 38189386, 38190709, 38190957, 38192444]
NM_001001722
[17878259]
NM_001001722
[18025787]
NM_001001802
[144231910]
NM_001001802
[144318124]
NM_001001877
[18546690, 18588535]
NM_001001877
[18731439, 18773105]
NM_001002029
[31982056, 31982304, 31982717, 31983128, 31983277, 31983584, 31983837, 31984072, 31984275, 31991191, 31991406, 31991731, 31992046, 31992385, 31992795, 31993089, 31993424, 31993713, 31993915, 31994244, 31994497, 31994951, 31995104, 31995329, 31995718, 31995954, 31996206, 31996428, 31996828, 31997143, 31997704, 31998813, 31999004, 31999305, 31999486, 32001052, 32001320, 32001495, 32001776, 32002122, 32002398]
NM_001002029
[32014794, 32015042, 32015455, 32015866, 32016015, 32016322, 32016575, 32016810, 32017013, 32023929, 32024144, 32024469, 32024784, 32025123, 32025533, 32025827, 32026162, 32026451, 32026653, 32026982, 32027235, 32027689, 32027842, 32028067, 32028456, 32028692, 32028944, 32029166, 32029565, 32029880, 32030441, 32031550, 32031741, 32032042, 32032223, 32033789, 32034057, 32034232, 32034513, 32034859, 32035135]
NM_001002758
[22071755, 22082079, 22084770, 22095731, 22095919]
NM_001002758
[22490396, 22490585, 22501512, 22504208, 22513811]
NM_001002760
[22984262, 22984568, 22987756, 22992302, 22994480, 22997451, 22998249, 23004924, 23005143]
NM_001002760
[24618003, 24618309, 24621497, 24626043, 24628221, 24631193, 24631991, 24638666, 24638885]
NM_001002760
[25030900, 25031316, 25037991, 25038808, 25041768, 25043945, 25048473, 25051675, 25052073]
NM_001002761
[22984262, 22984568, 22987756, 22992302, 22994480, 22997451, 22998249, 23004924, 23005143]
NM_001002761
[24618003, 24618309, 24621497, 24626043, 24628221, 24631193, 24631991, 24638666, 24638885]
NM_001002761
[25030900, 25031316, 25037991, 25038808, 25041768, 25043945, 25048473, 25051675, 25052073]
NM_001002906
[17768979]
NM_001002906
[18135448]
NM_001003894
[24045792]
NM_001003894
[25622116]
NM_001003895
[24045229, 24046096]
NM_001003895
[25622116, 25624454]
NM_001004719
[21637908]
NM_001004719
[22080526]
NM_001005221
[450739]
NM_001005221
[685715]
NM_001005221
[181367286]
NM_001005224
[450739]
NM_001005224
[685715]
NM_001005224
[181367286]
NM_001005277
[450739]
NM_001005277
[685715]
NM_001005277
[181367286]
NM_001005287
[144231910]
NM_001005287
[144318124]
NM_001005375
[23129354, 23135174, 23139846, 23140625, 23143010, 23152796, 23155173, 23157569, 23159952, 23162348, 23164739, 23167184, 23168656, 23168885, 23169385, 23169997, 23170363, 23190344, 23190573, 23191073, 23191685, 23192051, 23198797]
NM_001005375
[24833819, 24840730, 24841151, 24841803, 24842291, 24842444, 24851578, 24851999, 24852651, 24853139, 24853292, 24854832, 24857275, 24859665, 24862061, 24864445, 24871598, 24873975, 24893302, 24895687, 24896504, 24901111, 24905183]
NM_001005464
[149840686]
NM_001005464
[149852618]
NM_001005785
[23219456, 23226343, 23226764, 23227416, 23227904, 23228057, 23229597, 23232040, 23234431, 23241605, 23243989, 23246385, 23248762, 23265706, 23268090, 23270475, 23272859, 23275243, 23277627, 23280012, 23280828, 23285437, 23289499]
NM_001005785
[24833842, 24851578, 24851999, 24852651, 24853139, 24853292, 24854832, 24857275, 24859665, 24862061, 24864445, 24866841, 24869218, 24873975, 24883763, 24886148, 24888533, 24890917, 24893302, 24895687, 24896504, 24901111, 24905183]
NM_001005786
[23219456, 23226343, 23226764, 23227416, 23227904, 23228057, 23229597, 23232040, 23239209, 23270475, 23275243, 23277627, 23280012, 23280828, 23285437, 23289499]
NM_001005786
[24833842, 24851578, 24851999, 24852651, 24853139, 24853292, 24854832, 24857275, 24864445, 24888533, 24890917, 24893302, 24895687, 24896504, 24901111, 24905183]
NM_001006117
[22168773, 22169529, 22169704, 22170738, 22171283, 22171834, 22172900, 22175025, 22177093, 22180290, 22180860, 22182834]
NM_001006117
[22403409, 22405443, 22406024, 22409151, 22411244, 22413407, 22414477, 22415028, 22415573, 22416607, 22416804, 22417304]
NM_001006118
[21511377, 21513346, 21513933, 21517056, 21519149, 21521312, 21522382, 21522934, 21523479, 21524511, 21524709, 21525209]
NM_001006118
[21880075, 21881063, 21881239, 21882271, 21882816, 21883368, 21884434, 21886559, 21888627, 21891824, 21892404, 21894378]
NM_001006118
[21903617, 21904605, 21904780, 21905812, 21906357, 21906909, 21907975, 21910100, 21912168, 21915365, 21915945, 21917919]
NM_001006120
[21511337, 21513346, 21513933, 21517056, 21519149, 21521312, 21522382, 21522934, 21523479, 21524511, 21524709, 21525209]
NM_001006120
[21534878, 21536887, 21537474, 21540597, 21542690, 21544853, 21545923, 21546475, 21547020, 21548052, 21548249, 21548749]
NM_001006120
[21880075, 21881063, 21881239, 21882271, 21882816, 21883368, 21884434, 21886559, 21888627, 21891824, 21892404, 21894378]
NM_001006120
[21903617, 21904605, 21904780, 21905812, 21906357, 21906909, 21907975, 21910100, 21912168, 21915365, 21915945, 21917919]
NM_001006121
[21511337, 21513346, 21513933, 21517056, 21519149, 21521312, 21522382, 21522934, 21523479, 21524511, 21524709, 21525209]
NM_001006121
[21534878, 21536887, 21537474, 21540597, 21542690, 21544853, 21545923, 21546475, 21547020, 21548052, 21548249, 21548749]
NM_001006121
[21880307, 21881063, 21881239, 21882271, 21882816, 21883368, 21884434, 21886559, 21888627, 21891824, 21892404, 21894378]
NM_001006121
[21903849, 21904605, 21904780, 21905812, 21906357, 21906909, 21907975, 21910100, 21912168, 21915365, 21915945, 21917919]
NM_001007523
[154886374]
NM_001007523
[155382114]
NM_001007523
[155457484]
NM_001007524
[154886374]
NM_001007524
[155382114]
NM_001007524
[155457484]
NM_001007551
[135777129, 135778917, 135779392, 135781560, 135785236]
NM_001007551
[135794391, 135796179, 135796654, 135798824, 135802510]
NM_001007551
[135828933, 135830721, 135831196, 135833364, 135837041]
NM_001008218
[103655702, 103656284, 103656843, 103657793, 103658439, 103659409, 103660359, 103660576, 103662656, 103662885, 103664330]
NM_001008218
[103687418, 103688957, 103689193, 103691293, 103691487, 103692426, 103693299, 103693978, 103694979, 103695471, 103696041]
NM_001008218
[103749840, 103750423, 103750982, 103751932, 103752578, 103753548, 103754498, 103754714, 103756794, 103757023, 103758468]
NM_001008219
[103655649, 103656284, 103656843, 103657793, 103658439, 103659409, 103660359, 103660576, 103662656, 103662885, 103664330]
NM_001008219
[103687414, 103688957, 103689193, 103691293, 103691487, 103692426, 103693299, 103693978, 103694979, 103695471, 103696041]
NM_001008219
[103749787, 103750423, 103750982, 103751932, 103752578, 103753548, 103754498, 103754714, 103756794, 103757023, 103758468]
NM_001008221
[103655518, 103656284, 103656843, 103657793, 103658439, 103659409, 103660359, 103660576, 103662656, 103662885, 103664330]
NM_001008221
[103687417, 103688957, 103689193, 103691293, 103691487, 103692426, 103693299, 103693978, 103694979, 103695471, 103696283]
NM_001008221
[103749656, 103750423, 103750982, 103751932, 103752578, 103753548, 103754498, 103754714, 103756794, 103757023, 103758468]
NM_001012288
[1190495, 1193217, 1196779, 1198561, 1202401, 1206432, 1212555]
NM_001012288
[1190495, 1193217, 1196779, 1198561, 1202401, 1206432, 1212555]
NM_001012419
[40223318, 40226906, 40227183, 40231242, 40232395, 40235132, 40241728, 40244445, 40248463, 40251256, 40251376, 40257419, 40261548, 40263139, 40264490]
NM_001012419
[66109393, 66112918, 66114526, 66118748, 66124794, 66124958, 66127695, 66131727, 66134483, 66141061, 66143714, 66144898, 66148888, 66149224, 66152651]
NM_001012419
[67859348, 67862940, 67863217, 67867276, 67868428, 67871156, 67877759, 67880475, 67884485, 67887275, 67887395, 67893435, 67897558, 67899146, 67900492]
NM_001012421
[40223284, 40226906, 40227183, 40231242, 40232395, 40235132, 40241728, 40244445, 40248463, 40251256, 40251376, 40257419, 40261548, 40263139, 40264490]
NM_001012421
[66109846, 66112918, 66114526, 66118748, 66124794, 66124958, 66127695, 66131727, 66134483, 66141061, 66143714, 66144898, 66148888, 66149224, 66152651]
NM_001014999
[30193842, 30194739, 30194885, 30196973, 30197269, 30197436]
NM_001014999
[29454500, 29455397, 29455543, 29457631, 29457927, 29458094]
NM_001015000
[29454500, 29455397, 29457631, 29457927, 29458094]
NM_001015000
[30193842, 30194739, 30196973, 30197269, 30197436]
NM_001017390
[29459885, 29461381, 29461637, 29461852, 29463344, 29463566, 29464159, 29464462]
NM_001017390
[30199227, 30200724, 30200980, 30201195, 30202689, 30202911, 30203504, 30203807]
NM_001017438
[135777442, 135778917, 135779392, 135781560, 135785236]
NM_001017438
[135794704, 135796179, 135796654, 135798824, 135802510]
NM_001017438
[135829246, 135830721, 135831196, 135833364, 135837041]
NM_001017990
[154885041]
NM_001017990
[155380778]
NM_001017990
[155459418]
NM_001017991
[154884968]
NM_001017991
[155380705]
NM_001017991
[155459414]
NM_001024457
[87755959, 87772168, 87774943, 87782123, 87785074, 87788721, 87791989, 87792161, 87793221, 87793630, 87794034, 87795116, 87795407, 87795666, 87797964, 87800604, 87806695, 87811484, 87811975, 87816268, 87816865, 87818558, 87985726]
NM_001024457
[86917614, 86951295, 86952941, 86953497, 86957705, 86958281, 86963028, 86969227, 86971746, 86974072, 86974337, 86974680, 86975727, 86976152, 86976552, 86977579, 86977847, 86981082, 86984753, 86985575, 86994840, 86997562, 87012512]
NM_001025161
[42140202, 42140328, 42140554, 42141151, 42141532, 42141867, 42142478, 42143409, 42144283, 42144327]
NM_001025161
[42126498, 42126850, 42127446, 42127841, 42128173, 42128783, 42129737, 42130611]
NM_001025203
[6484622, 6486137, 6486321, 6487106, 6487362, 6493043, 6495992, 6499128]
NM_001025203
[43092955, 43094470, 43094654, 43095437, 43095693, 43101365, 43104314, 43107450]
NM_001025204
[6484622, 6486137, 6486321, 6487106, 6487362, 6492130, 6493043, 6495992, 6499128]
NM_001025204
[43092955, 43094470, 43094654, 43095437, 43095693, 43100452, 43101365, 43104314, 43107450]
NM_001031618
[102551231, 102552834, 102554358, 102555899, 102557163, 102558466, 102560599, 102561115, 102562055]
NM_001031618
[102650324, 102651927, 102653450, 102654983, 102656247, 102657550, 102659689, 102660205, 102661145]
NM_001031827
[29453587, 29454015, 29454190]
NM_001031827
[30192929, 30193357, 30193532]
NM_001032392
[87010464, 87016301, 87017552, 87021734]
NM_001032392
[87748090, 87752246, 87753527, 87756819]
NM_001034077
[149832656]
NM_001034077
[149860763]
NM_001034832
[48383515, 48384033, 48384560, 48385351, 48387310, 48389345, 48391868, 48392755]
NM_001034832
[48402081, 48403451, 48405943, 48408064, 48409977, 48410749, 48411303, 48411861]
NM_001037380
[7312845, 7319745]
NM_001037380
[7990414, 7997463]
NM_001037668
[7495845, 7509080]
NM_001037668
[7811719, 7815558]
NM_001037804
[12064388, 12071689]
NM_001037804
[12310961, 12318258]
NM_001037808
[28379581, 28379975, 28380291, 28380467, 28380631, 28383117, 28388057, 28388507, 28390290, 28390519, 28390839, 28391751, 28391979, 28392034, 28399870, 28400376, 28400614, 28400858, 28401206, 28401538, 28403517, 28403737]
NM_001037808
[28711416, 28711656, 28713700, 28713908, 28714320, 28714635, 28714818, 28715306, 28723163, 28723447, 28724321, 28724657, 28724918, 28726604, 28727020, 28731828, 28734519, 28734777, 28734931, 28735172, 28735430]
NM_001037866
[109792757, 109794164, 109801782, 109803431, 109803978, 109808173, 109808749, 109813459, 109819695, 109821904, 109824221, 109824486, 109824829, 109825875, 109826300, 109826700, 109827791, 109828064, 109831316, 109832850]
NM_001037866
[110538487, 110540054, 110543358, 110543535, 110544659, 110545068, 110545472, 110546553, 110546844, 110547103, 110549392, 110551723, 110557851, 110562611, 110563102, 110567375, 110567963, 110569656, 110576952, 110578500]
NM_001039083
[46339397, 46352819, 46358249, 46361675]
NM_001039083
[46557253, 46570758, 46576174, 46579600]
NM_001039182
[29453587, 29454015, 29454190]
NM_001039182
[30192929, 30193357, 30193532]
NM_001040612
[48383515, 48384033, 48384560, 48385351, 48387310, 48391868, 48392755]
NM_001040612
[48402081, 48403451, 48408064, 48409977, 48410749, 48411303, 48411861]
NM_001040702
[7470307, 7475010]
NM_001040702
[7836470, 7841033]
NM_001040703
[7487668, 7488135, 7489426]
NM_001040703
[7821965, 7823381, 7823768]
NM_001040704
[7482503, 7486333]
NM_001040704
[7825171, 7828804]
NM_001040705
[7495845, 7509080]
NM_001040705
[7811719, 7815558]
NM_001040874
[149842217]
NM_001040874
[149851060]
NM_001042490
[69560204, 69562672, 69565099, 69566130, 69566588, 69566966, 69567726, 69568152, 69572444, 69578711, 69579020, 69579756, 69582365, 69585593, 69586253, 69590327, 69592078]
NM_001042490
[71035346, 71037506, 71041521, 71042180, 71045443, 71048005, 71048761, 71049067, 71055351, 71059689, 71060119, 71060843, 71061271, 71061687, 71062707, 71065124, 71067493]
NM_001042500
[6977648, 6978459, 6980012]
NM_001042500
[6996765, 6997576, 6999122]
NM_001048181
[154182595, 154187769, 154190053, 154191687, 154193407, 154195929]
NM_001048181
[154219733, 154224907, 154227191, 154228827, 154230547, 154233069]
NM_001048181
[154257537, 154262711, 154264995, 154266631, 154268351, 154270873]
NM_001077697
[9337463, 9337746, 9338620, 9338826, 9339039, 9339291, 9340067]
NM_001077697
[9398420, 9399559, 9399765, 9399978, 9400230, 9401006]
NM_001077697
[9487266, 9487549, 9488423, 9488629, 9488842, 9489094, 9489870]
NM_001077697
[9527879, 9529018, 9529224, 9529437, 9529689, 9530465]
NM_001078170
[86913811, 86951295, 86952941, 86953497, 86957705, 86958281, 86963028, 86969227, 86971746, 86974072, 86974337, 86974680, 86975727, 86976152, 86976552, 86977579, 86977847, 86981082, 86984753, 86985575, 86994840, 86997562, 87012512]
NM_001078170
[87757200, 87772168, 87774943, 87782123, 87785074, 87788721, 87791989, 87792161, 87793221, 87793630, 87794034, 87795116, 87795407, 87795666, 87797964, 87800604, 87806695, 87811484, 87811975, 87816268, 87816865, 87818558, 87825657]
NM_001079530
[130521093, 130521812, 130521956, 130522789, 130523168, 130527695]
NM_001079530
[130592779, 130597493, 130597867, 130598641, 130598909, 130599264]
NM_001079900
[48007740, 48008375, 48009365, 48009548]
NM_001079900
[48130625, 48131260, 48132249, 48132432]
NM_001080137
[120982465, 120983744, 120984787]
NM_001080137
[120972745, 120974024, 120975067]
NM_001080137
[120977605, 120978884, 120979927]
NM_001080137
[120877490, 120930257, 120931300]
NM_001080137
[120933840, 120935118, 120936161]
NM_001080137
[120938700, 120939979, 120941022]
NM_001080137
[120943560, 120944839, 120945882]
NM_001080137
[120948422, 120949700, 120950743]
NM_001080137
[120963025, 120964304, 120965347]
NM_001080137
[120967885, 120969164, 120970207]
NM_001080138
[120938700, 120939979, 120941022]
NM_001080138
[120943560, 120944839, 120945882]
NM_001080138
[120948422, 120949700, 120950743]
NM_001080138
[120963025, 120964304, 120965347]
NM_001080138
[120967885, 120969164, 120970207]
NM_001080138
[120972745, 120974024, 120975067]
NM_001080138
[120977605, 120978884, 120979927]
NM_001080138
[120982465, 120983744, 120984787]
NM_001080138
[120877490, 120930257, 120931300]
NM_001080138
[120933840, 120935118, 120936161]
NM_001080139
[120967885, 120969164, 120970207]
NM_001080139
[120972745, 120974024, 120975067]
NM_001080139
[120933840, 120935118, 120936161]
NM_001080139
[120938700, 120939979, 120941022]
NM_001080139
[120943560, 120944839, 120945882]
NM_001080139
[120948422, 120949700, 120950743]
NM_001080139
[120963025, 120964304, 120965347]
NM_001080139
[120877490, 120930257, 120931300]
NM_001080139
[120977605, 120978884, 120979927]
NM_001080139
[120982465, 120983744, 120984787]
NM_001080141
[120933840, 120935118, 120936161]
NM_001080141
[120938700, 120939979, 120941022]
NM_001080141
[120943560, 120944839, 120945882]
NM_001080141
[120948422, 120949700, 120950743]
NM_001080141
[120958165, 120959443, 120960486]
NM_001080141
[120963025, 120964304, 120965347]
NM_001080141
[120967885, 120969164, 120970207]
NM_001080141
[120972745, 120974024, 120975067]
NM_001080141
[120977605, 120978884, 120979927]
NM_001080141
[120982465, 120983744, 120984787]
NM_001080142
[120877490, 120930257, 120931300]
NM_001080142
[120933840, 120935118, 120936161]
NM_001080142
[120938700, 120939979, 120941022]
NM_001080142
[120943560, 120944839, 120945882]
NM_001080142
[120948422, 120949700, 120950743]
NM_001080142
[120963025, 120964304, 120965347]
NM_001080142
[120967885, 120969164, 120970207]
NM_001080142
[120972745, 120974024, 120975067]
NM_001080142
[120977605, 120978884, 120979927]
NM_001080142
[120982465, 120983744, 120984787]
NM_001080143
[120877490, 120930257, 120931300]
NM_001080143
[120933840, 120935118, 120936161]
NM_001080143
[120938700, 120939979, 120941022]
NM_001080143
[120943560, 120944839, 120945882]
NM_001080143
[120948422, 120949700, 120950743]
NM_001080143
[120963025, 120964304, 120965347]
NM_001080143
[120967885, 120969164, 120970207]
NM_001080143
[120972745, 120974024, 120975067]
NM_001080143
[120977605, 120978884, 120979927]
NM_001080143
[120982465, 120983744, 120984787]
NM_001080144
[120877490, 120930257, 120931300]
NM_001080144
[120933840, 120935118, 120936161]
NM_001080144
[120938700, 120939979, 120941022]
NM_001080144
[120943560, 120944839, 120945882]
NM_001080144
[120948422, 120949700, 120950743]
NM_001080144
[120963025, 120964304, 120965347]
NM_001080144
[120967885, 120969164, 120970207]
NM_001080144
[120972745, 120974024, 120975067]
NM_001080144
[120977605, 120978884, 120979927]
NM_001080144
[120982465, 120983744, 120984787]
NM_001080145
[120963025, 120964304, 120965347]
NM_001080145
[120967885, 120969164, 120970207]
NM_001080145
[120972745, 120974024, 120975067]
NM_001080145
[120948422, 120949700, 120950743]
NM_001080145
[120877490, 120930257, 120931300]
NM_001080145
[120933840, 120935118, 120936161]
NM_001080145
[120938700, 120939979, 120941022]
NM_001080145
[120943560, 120944839, 120945882]
NM_001080145
[120977605, 120978884, 120979927]
NM_001080145
[120982465, 120983744, 120984787]
NM_001080146
[120877490, 120878768, 120931300]
NM_001080146
[120933840, 120935118, 120936161]
NM_001080146
[120938700, 120939979, 120941022]
NM_001080146
[120943560, 120944839, 120945882]
NM_001080146
[120948422, 120949700, 120950743]
NM_001080146
[120958165, 120959443, 120965347]
NM_001080146
[120967885, 120969164, 120970207]
NM_001080146
[120972745, 120974024, 120975067]
NM_001080146
[120977605, 120978884, 120979927]
NM_001080146
[120982465, 120983744, 120984787]
NM_001080790
[149581652, 149583319, 149583546, 149587393]
NM_001080790
[149781929, 149785756, 149786001, 149786145]
NM_001080843
[23957413, 23958284, 23958550, 23960293, 23961019]
NM_001080843
[23980147, 23980947, 23982627, 23982872, 23983396]
NM_001080851
[72845041, 72845498, 72845871, 72846884, 72847129, 72848262]
NM_001080851
[72872024, 72873549, 72873881, 72874824, 72875272, 72875630]
NM_001081551
[7428893, 7430072]
NM_001081551
[7881203, 7882422]
NM_001097594
[52512077, 52514777, 52515431, 52516979]
NM_001097594
[52495667, 52497315, 52497984, 52500701]
NM_001097596
[52512077, 52514777, 52515415, 52516979]
NM_001097596
[52495820, 52497315, 52497984, 52500701]
NM_001097604
[52495667, 52497315, 52497984, 52500701]
NM_001097604
[52512077, 52514777, 52515431, 52516979]
NM_001097605
[52512077, 52514777, 52515415, 52516979]
NM_001097605
[52495820, 52497315, 52497984, 52500701]
NM_001098405
[49532142, 49533323, 49533880, 49536823, 49539424]
NM_001098405
[49341113, 49342295, 49342852, 49345796, 49529868]
NM_001098405
[49541698, 49542879, 49543436, 49546379, 49548980]
NM_001098405
[49551254, 49552435, 49552992, 49555935, 49558532]
NM_001098405
[49560807, 49561988, 49562545, 49565494, 49568091]
NM_001098405
[49570365, 49571546, 49572103, 49575047, 49577640]
NM_001098408
[49579948, 49581095, 49581652, 49584595, 49587187]
NM_001098408
[49570399, 49571546, 49572103, 49575047, 49577640]
NM_001098408
[49541732, 49542879, 49543436, 49546379, 49548980]
NM_001098408
[49551288, 49552435, 49552992, 49555935, 49558532]
NM_001098408
[49560841, 49561988, 49562545, 49565494, 49568091]
NM_001098408
[49532176, 49533323, 49533880, 49536823, 49539424]
NM_001098409
[49541729, 49542879, 49543436, 49546379, 49548980]
NM_001098409
[49551285, 49552435, 49552992, 49555935, 49558532]
NM_001098409
[49560838, 49561988, 49562545, 49565494, 49568091]
NM_001098409
[49570396, 49571546, 49572103, 49575047, 49577640]
NM_001098409
[49322033, 49342295, 49342852, 49345796, 49529868]
NM_001098409
[49532173, 49533323, 49533880, 49536823, 49539424]
NM_001098410
[49532176, 49533323, 49533880, 49536823, 49539424]
NM_001098410
[49541732, 49542879, 49543436, 49546379, 49548980]
NM_001098410
[49551288, 49552435, 49552992, 49555935, 49558532]
NM_001098410
[49579948, 49581095, 49581652, 49584595, 49587187]
NM_001098418
[49532176, 49533323, 49533880, 49536823, 49539424]
NM_001098418
[49541732, 49542879, 49543436, 49546379, 49548980]
NM_001098418
[49551288, 49552435, 49552992, 49555935, 49558532]
NM_001098418
[49560841, 49561988, 49562545, 49565494, 49568091]
NM_001098418
[49570399, 49571546, 49572103, 49575047, 49577640]
NM_001098418
[49579948, 49581095, 49581652, 49584595, 49587187]
NM_001098728
[69560244, 69565099, 69566130, 69566588, 69566966, 69567726, 69568152, 69572444, 69578711, 69579020, 69579756, 69582365, 69585593, 69586253, 69590327, 69592078]
NM_001098728
[71035398, 71037506, 71041521, 71042180, 71045443, 71048005, 71048761, 71049067, 71055351, 71059689, 71060119, 71060843, 71061271, 71061687, 71062707, 71067493]
NM_001098800
[52061826, 52062221, 52062986, 52064046, 52064500, 52064628, 52065329, 52065809, 52066082, 52066249, 52066864, 52067962, 52069129]
NM_001098800
[52184822, 52185921, 52186396, 52187641, 52187948, 52188205, 52188673, 52189386, 52189551, 52189985, 52190993, 52191430, 52192056]
NM_001099661
[28379581, 28379975, 28380291, 28380467, 28380631, 28383117, 28388057, 28388507, 28390290, 28390519, 28390839, 28391751, 28391979, 28399870, 28400376, 28400614, 28400858, 28401206, 28401538, 28403517, 28403782]
NM_001099661
[28711419, 28711656, 28713700, 28713908, 28714320, 28714635, 28714818, 28715306, 28723163, 28723447, 28724321, 28724657, 28724918, 28726604, 28727020, 28731828, 28734519, 28734777, 28734931, 28735172, 28735430]
NM_001099684
[52899058, 52900570, 52907108]
NM_001099684
[52947255, 52955153, 52956272]
NM_001099685
[120072263, 120075899, 120076876, 120077473]
NM_001099685
[120158609, 120159014, 120160357, 120163457]
NM_001099686
[102247099, 102248436, 102307025, 102316962, 102317378, 102317832, 102318027, 102318247, 102318514, 102318740, 102318949, 102319236, 102321024, 102321441, 102321596, 102321783, 102322011, 102322208, 102322419, 102323062, 102323669, 102326262, 102326469]
NM_001099686
[102360394, 102360791, 102363262, 102363979, 102364652, 102364790, 102365044, 102365223, 102365462, 102365604, 102366053, 102367768, 102368057, 102368285, 102368530, 102368786, 102368982, 102369198, 102369585, 102369962, 102379993, 102438552, 102439869]
NM_001099687
[33360876, 33362441]
NM_001099687
[33459647, 33461212]
NM_001099687
[33304341, 33305906]
NM_001099687
[32673527, 32675735]
NM_001099687
[33194261, 33195826]
NM_001099697
[6754108, 6757356, 6757592, 6759083, 6760225, 6763927, 6765705, 6766756, 6768589, 6771546, 6773349, 6776356, 6779609, 6780808, 6781327, 6785948, 6786877, 6789630, 6791903, 6796567, 6798362]
NM_001099697
[5926145, 5928195, 5932781, 5935019, 5937757, 5938721, 5943323, 5943910, 5945063, 5948219, 5951294, 5953074, 5956004, 5957906, 5958992, 5960690, 5964501, 5965636, 5966862, 5967317, 5970617]
NM_001100817
[47022286]
NM_001100817
[47028201]
NM_001103154
[46274183, 46299525, 46352819, 46358249, 46361675]
NM_001103154
[46517091, 46570758, 46576174, 46579600]
NM_001105522
[89911410, 89913203, 89914174, 89914911, 89916918, 89917299, 89920298]
NM_001105522
[89924063, 89926757, 89927457, 89929329, 89930274, 89931170, 89932385]
NM_001113541
[60914406, 60915822, 60916448, 60916764]
NM_001113541
[61190035, 61191452, 61192078, 61192394]
NM_001113738
[46334901, 46352819, 46358249, 46361675]
NM_001113738
[46552755, 46570758, 46576174, 46579600]
NM_001122898
[2691132, 2714421, 2719660, 2720355, 2722626, 2723313, 2726259, 2738199, 2740778]
NM_001122898
[2691132, 2714421, 2719660, 2720355, 2722626, 2723313, 2726259, 2738199, 2740778]
NM_001123363
[110513801, 110523495, 110526264, 110533464, 110536415, 110540054, 110543358, 110543535, 110544659, 110545068, 110545472, 110546553, 110546844, 110547103, 110549392, 110551723, 110557851, 110562611, 110563102, 110567375, 110567963, 110569656, 110576952, 110578500]
NM_001123363
[109792757, 109794164, 109801782, 109803431, 109803978, 109808173, 109808749, 109813459, 109819695, 109821904, 109824221, 109824486, 109824829, 109825875, 109826300, 109826700, 109827791, 109828064, 109831316, 109834996, 109835818, 109845102, 109847809, 109855861]
NM_001123391
[38127955, 38129494, 38129729, 38131098, 38131620, 38132144, 38132581, 38133946, 38134538, 38135372, 38135851, 38136380, 38136850, 38137984]
NM_001123391
[38057509, 38059557, 38060080, 38060643, 38061094, 38061902, 38062566, 38063870, 38064309, 38064860, 38065423, 38066746, 38066994, 38068495]
NM_001123391
[37924459, 37925998, 37926233, 37927602, 37928124, 37928648, 37929085, 37930449, 37931041, 37931875, 37932354, 37932883, 37933353, 37934487]
NM_001123391
[38181475, 38183523, 38184046, 38184609, 38185059, 38185867, 38186531, 38187833, 38188272, 38188823, 38189386, 38190709, 38190957, 38192444]
NM_001123392
[36165623, 36167543, 36168066, 36168629, 36169079, 36169890, 36170554, 36171854, 36172293, 36172844, 36173407, 36174730, 36174978, 36176479]
NM_001123392
[36253582, 36255484, 36256007, 36256570, 36257020, 36257828, 36258492, 36259789, 36260228, 36260779, 36261342, 36262665, 36262913, 36264414]
NM_001123392
[36323869, 36325410, 36325645, 36327014, 36327536, 36328060, 36328497, 36329855, 36330447, 36331281, 36331760, 36332289, 36332759, 36333875]
NM_001123392
[36377474, 36379395, 36379918, 36380481, 36380931, 36381739, 36382403, 36383700, 36384139, 36384690, 36385253, 36386575, 36386823, 36388324]
NM_001123392
[36449659, 36450203, 36451623, 36452146, 36452709, 36453159, 36453967, 36454631, 36455928, 36456372, 36456943, 36457489]
NM_001123392
[37978098, 37980019, 37980542, 37981105, 37981555, 37982363, 37983027, 37984324, 37984763, 37985314, 37985877, 37987200, 37987448, 37988949]
NM_001123392
[38004018, 38005559, 38005794, 38007163, 38007685, 38008209, 38008646, 38010004, 38010596, 38011430, 38011909, 38012438, 38012908, 38014024]
NM_001123392
[38127953, 38129494, 38129729, 38131098, 38131620, 38132144, 38132581, 38133946, 38134538, 38135372, 38135851, 38136380, 38136850, 38137984]
NM_001127199
[49551277, 49552435, 49552992, 49555935, 49558532]
NM_001127199
[49570388, 49571546, 49572103, 49575047, 49577640]
NM_001127199
[49579937, 49581095, 49581652, 49584595, 49587187]
NM_001127199
[49322025, 49342295, 49342852, 49345796, 49529868]
NM_001127199
[49532165, 49533323, 49533880, 49536823, 49539424]
NM_001127199
[49560830, 49561988, 49562545, 49565494, 49568091]
NM_001127199
[49541721, 49542879, 49543436, 49546379, 49548980]
NM_001127345
[49341182, 49342295, 49342852, 49345796, 49529868]
NM_001127345
[49560876, 49561988, 49562545, 49565494, 49568091]
NM_001127345
[49570434, 49571546, 49572103, 49575047, 49577640]
NM_001128633
[21383373]
NM_001128633
[21545668]
NM_001128635
[21383750]
NM_001128635
[21545668]
NM_001129826
[152708260, 152708798]
NM_001129826
[152759217, 152759842]
NM_001129828
[152708260, 152708849]
NM_001129828
[152759217, 152759842]
NM_001130404
[57167196, 57167564, 57168656]
NM_001130404
[57160631, 57160999, 57162091]
NM_001130404
[57140917, 57141285, 57142377]
NM_001130404
[57147487, 57147855, 57148947]
NM_001130404
[57154060, 57154428, 57155520]
NM_001130405
[57140917, 57141285, 57142377]
NM_001130405
[57147487, 57147855, 57148947]
NM_001130405
[57154060, 57154428, 57155520]
NM_001130405
[57160631, 57160999, 57162091]
NM_001130405
[57167196, 57167564, 57168656]
NM_001130406
[57160631, 57160999, 57162091]
NM_001130406
[57167196, 57167564, 57168656]
NM_001130406
[57147487, 57147855, 57148947]
NM_001130406
[57154060, 57154428, 57155520]
NM_001130406
[57140917, 57141285, 57142377]
NM_001130407
[57154060, 57154428, 57155520]
NM_001130407
[57160631, 57160999, 57162091]
NM_001130407
[57140917, 57141285, 57142377]
NM_001130407
[57147487, 57147855, 57148947]
NM_001130407
[57167196, 57167564, 57168656]
NM_001137548
[47487218, 47489585, 47491601]
NM_001137548
[47995321, 47997676, 47999692]
NM_001137549
[47487235, 47489585, 47491601]
NM_001137549
[47995339, 47997676, 47999692]
NM_001144032
[144372874]
NM_001144032
[144592867]
NM_001144032
[145241414]
NM_001144064
[146809783, 146810113]
NM_001144064
[146814103, 146814591]
NM_001144767
[68815992, 68818028, 68822270, 68826409, 68827328, 68830599]
NM_001144767
[69004576, 69008856, 69009915, 69014022, 69018237, 69019915, 69020088, 69020358]
NM_001145139
[71714373, 71714650, 71715246, 71715574, 71716194, 71716927]
NM_001145139
[71763289, 71765223, 71765923, 71766282, 71766882, 71767030]
NM_001145140
[71714373, 71714650, 71715246, 71715574, 71716194, 71716927]
NM_001145140
[71763289, 71765223, 71765923, 71766282, 71766882, 71767030]
NM_001145149
[155881279, 155889457, 155898111, 155900496, 155919812, 155939700, 155941882]
NM_001145149
[57067799, 57075977, 57084631, 57087016, 57106332, 57126220, 57128402]
NM_001146181
[13061231]
NM_001146181
[13164554]
NM_001161529
[1268799, 1274754, 1282408, 1282677, 1285777, 1288518, 1288758, 1290336, 1294327, 1295426, 1300490, 1303922, 1305445, 1309401]
NM_001161529
[1268799, 1274754, 1282408, 1282677, 1285777, 1288518, 1288758, 1290336, 1294327, 1295426, 1300490, 1303922, 1305445, 1309401]
NM_001161530
[1282677, 1285777, 1288518, 1288758, 1290336, 1294327, 1295426, 1300490, 1303260, 1303922, 1305445, 1309401]
NM_001161530
[1282677, 1285777, 1288518, 1288758, 1290336, 1294327, 1295426, 1300490, 1303260, 1303922, 1305445, 1309401]
NM_001161531
[1268799, 1274754, 1282677, 1285777, 1288518, 1288758, 1290336, 1294327, 1295426, 1300490, 1303922, 1305445, 1305627]
NM_001161531
[1268799, 1274754, 1282677, 1285777, 1288518, 1288758, 1290336, 1294327, 1295426, 1300490, 1303922, 1305445, 1305627]
NM_001161532
[1268799, 1282677, 1288518, 1288758, 1290336, 1294327, 1295426, 1300490, 1303922, 1305445, 1309401]
NM_001161532
[1268799, 1282677, 1288518, 1288758, 1290336, 1294327, 1295426, 1300490, 1303922, 1305445, 1309401]
NM_001164261
[145241414]
NM_001164261
[144372874]
NM_001164261
[144592867]
NM_001164262
[144372874]
NM_001164262
[144592867]
NM_001164262
[145241414]
NM_001164415
[149592511, 149594136]
NM_001164415
[149774071, 149776082]
NM_001164417
[52696895, 52697983, 52700442, 52702580, 52704496, 52705127, 52705680, 52707111]
NM_001164417
[52751203, 52752660, 52753187, 52753837, 52755799, 52757853, 52760343, 52760913]
NM_001164463
[110513801, 110523495, 110526264, 110533464, 110536415, 110540054, 110543358, 110543535, 110544659, 110545068, 110545472, 110546553, 110546844, 110547103, 110549392, 110551723, 110557851, 110562611, 110563102, 110567375, 110567963, 110569656, 110576952]
NM_001164463
[112368368, 112378052, 112380823, 112388023, 112390974, 112394617, 112397921, 112398098, 112399222, 112399631, 112400035, 112401116, 112401407, 112401666, 112403965, 112406296, 112412430, 112417192, 112417683, 112421959, 112422547, 112424239, 112433381]
NM_001164463
[109794273, 109801782, 109803431, 109803978, 109808173, 109808749, 109813459, 109819695, 109821904, 109824221, 109824486, 109824829, 109825875, 109826300, 109826700, 109827791, 109828064, 109831316, 109834996, 109835818, 109845102, 109847809, 109855861]
NM_001164471
[9337509, 9338620, 9338826, 9339039, 9339291, 9340067]
NM_001164471
[9487312, 9488423, 9488629, 9488842, 9489094, 9489870]
NM_001166339
[102551231, 102552834, 102554358, 102555899, 102557163, 102558466, 102560599, 102561115, 102562055]
NM_001166339
[102650324, 102651927, 102653450, 102654983, 102656247, 102657550, 102659689, 102660205, 102661145]
NM_001171038
[1615047, 1623138, 1624268, 1627702, 1629820, 1632703, 1633149, 1636437, 1642802]
NM_001171038
[1615047, 1623138, 1624268, 1627702, 1629820, 1632703, 1633149, 1636437, 1642802]
NM_001171039
[1615132, 1623138, 1624268, 1627702, 1629820, 1636437, 1642802]
NM_001171039
[1615132, 1623138, 1624268, 1627702, 1629820, 1636437, 1642802]
NM_001171135
[2486413, 2500310]
NM_001171135
[2486413, 2500310]
NM_001171136
[2486413, 2500816]
NM_001171136
[2486413, 2500816]
NM_001172288
[135777129, 135778917, 135779392, 135781560, 135785219]
NM_001172288
[135828933, 135830721, 135831196, 135833364, 135837024]
NM_001172288
[135794391, 135796179, 135796654, 135798824, 135802493]
NM_001173473
[1403138, 1412731, 1417972, 1418981, 1421657, 1425524, 1427733, 1432268, 1435021, 1435693, 1439096, 1442185, 1453617]
NM_001173473
[1403138, 1412731, 1417972, 1418981, 1421657, 1425524, 1427733, 1432268, 1435021, 1435693, 1439096, 1442185, 1453617]
NM_001173474
[1403138, 1412731, 1417972, 1418981, 1421657, 1425524, 1427733, 1432268, 1435021, 1435693, 1442185, 1452747]
NM_001173474
[1403138, 1412731, 1417972, 1418981, 1421657, 1425524, 1427733, 1432268, 1435021, 1435693, 1442185, 1452747]
NM_001178008
[6444868, 6448480, 6449822, 6450511, 6450903, 6452118, 6453988, 6454630, 6455577, 6456880, 6457064, 6457293, 6457920, 6460186, 6463662, 6464943, 6467902]
NM_001178008
[43053190, 43056802, 43058144, 43058833, 43059225, 43060440, 43062310, 43062952, 43063899, 43065202, 43065386, 43065615, 43066242, 43068508, 43071984, 43073265, 43076224]
NM_001178009
[6444868, 6445539, 6448480, 6449822, 6450511, 6450903, 6452118, 6453988, 6454630, 6455577, 6456880, 6457064, 6457293, 6457920, 6460186, 6463662, 6464943, 6467902]
NM_001178009
[43053190, 43053861, 43056802, 43058144, 43058833, 43059225, 43060440, 43062310, 43062952, 43063899, 43065202, 43065386, 43065615, 43066242, 43068508, 43071984, 43073265, 43076224]
NM_001178087
[70025250, 70026406, 70032314]
NM_001178087
[70900668, 70901824, 70907733]
NM_001185183
[155881279, 155889457, 155895622, 155898111, 155900496, 155939700, 155941882]
NM_001185183
[57067799, 57075977, 57082142, 57084631, 57087016, 57126220, 57128402]
NM_001195257
[12064388, 12071689]
NM_001195257
[12310961, 12318258]
NM_001199142
[28688557, 28711656, 28713700, 28713908, 28714320, 28714635, 28714818, 28715306, 28723163, 28723447, 28724321, 28724657, 28724918, 28726604, 28727020, 28731828, 28734519, 28734777, 28734931, 28735172, 28735430]
NM_001199142
[28379581, 28379975, 28380291, 28380467, 28380631, 28383117, 28388057, 28388507, 28390290, 28390519, 28390839, 28391751, 28391979, 28392034, 28399870, 28400376, 28400614, 28400858, 28401206, 28401538, 28403517, 28426183]
NM_001205259
[32674087, 32675735]
NM_001205259
[33194263, 33195826]
NM_001205259
[33304343, 33305906]
NM_001205259
[33360878, 33362441]
NM_001205259
[33459649, 33461212]
NM_001205288
[109898431, 109903252, 109905879]
NM_001205288
[110465050, 110468094, 110472596]
NM_001206627
[89911471, 89913203, 89914174, 89914911, 89916918, 89917299]
NM_001206627
[89926761, 89927457, 89929329, 89930274, 89931170, 89932385]
NM_001242326
[9325164]
NM_001242326
[9329910]
NM_001242326
[9334657]
NM_001242326
[9339402]
NM_001242326
[9344147]
NM_001242326
[9348892]
NM_001242326
[9353637]
NM_001242326
[9363128]
NM_001242327
[9353637]
NM_001242327
[9363128]
NM_001242327
[9325164]
NM_001242327
[9329910]
NM_001242327
[9334657]
NM_001242327
[9339402]
NM_001242327
[9344147]
NM_001242327
[9348892]
NM_001242328
[9325164]
NM_001242328
[9329910]
NM_001242328
[9334657]
NM_001242328
[9339402]
NM_001242328
[9344147]
NM_001242328
[9348892]
NM_001242328
[9353637]
NM_001242328
[9363128]
NM_001242329
[9325164]
NM_001242329
[9329910]
NM_001242329
[9334657]
NM_001242329
[9339402]
NM_001242329
[9344147]
NM_001242329
[9348892]
NM_001242329
[9353637]
NM_001242329
[9363128]
NM_001242330
[9325164]
NM_001242330
[9329910]
NM_001242330
[9334657]
NM_001242330
[9339402]
NM_001242330
[9344147]
NM_001242330
[9348892]
NM_001242330
[9353637]
NM_001242330
[9363128]
NM_001242331
[9325164]
NM_001242331
[9329910]
NM_001242331
[9334657]
NM_001242331
[9339402]
NM_001242331
[9344147]
NM_001242331
[9348892]
NM_001242331
[9353637]
NM_001242331
[9363128]
NM_001242332
[9325164]
NM_001242332
[9329910]
NM_001242332
[9334657]
NM_001242332
[9339402]
NM_001242332
[9344147]
NM_001242332
[9348892]
NM_001242332
[9353637]
NM_001242332
[9363128]
NM_001242362
[52184822, 52185870, 52186396, 52187641, 52187948, 52188205, 52188673, 52189386, 52189551, 52189985, 52190344, 52190993, 52191430, 52192056]
NM_001242362
[52061826, 52062233, 52062986, 52063702, 52064046, 52064500, 52064628, 52065329, 52065809, 52066082, 52066249, 52066864, 52067962, 52069129]
NM_001242491
[52897295, 52899058, 52907108]
NM_001242491
[52947255, 52956272, 52958404]
NM_001242823
[31982056, 31982304, 31982717, 31983128, 31983277, 31983584, 31983837, 31984072, 31984275, 31991191, 31991406, 31991731, 31992046, 31992385, 31992795, 31993089, 31993424, 31993713, 31993915, 31994244, 31994497, 31994951, 31995104, 31995329, 31995718, 31995954, 31996206, 31996428, 31996828, 31997143, 31997704, 31998813, 31999004, 31999305, 31999486, 32001052, 32001320, 32001495, 32001776, 32002122, 32002398]
NM_001242823
[32014794, 32015042, 32015455, 32015866, 32016015, 32016322, 32016575, 32016810, 32017013, 32023929, 32024144, 32024469, 32024784, 32025123, 32025533, 32025827, 32026162, 32026451, 32026653, 32026982, 32027235, 32027689, 32027842, 32028067, 32028456, 32028692, 32028944, 32029166, 32029565, 32029880, 32030441, 32031550, 32031741, 32032042, 32032223, 32033789, 32034057, 32034232, 32034513, 32034859, 32035135]
NM_001242922
[120982465, 120983744, 120984787]
NM_001242922
[120877490, 120930257, 120931300]
NM_001242922
[120933840, 120935118, 120936161]
NM_001242922
[120938700, 120939979, 120941022]
NM_001242922
[120943560, 120944839, 120945882]
NM_001242922
[120948422, 120949700, 120950743]
NM_001242922
[120963025, 120964304, 120965347]
NM_001242922
[120967885, 120969164, 120970207]
NM_001242922
[120972745, 120974024, 120975067]
NM_001242922
[120977605, 120978884, 120979927]
NM_001243721
[9357842, 9358935, 9359141, 9359354, 9359606, 9360382]
NM_001243721
[9337509, 9337746, 9338620, 9338826, 9339039, 9339291, 9340067]
NM_001244892
[146809783, 146810113]
NM_001244892
[146814103, 146814591]
NM_001256853
[9220151]
NM_001256853
[9262871]
NM_001256854
[9215404]
NM_001256854
[9248629]
NM_001256854
[9258123]
NM_001256859
[9215404]
NM_001256859
[9248629]
NM_001256861
[9215404]
NM_001256861
[9258123]
NM_001256861
[9267618]
NM_001256862
[9262871]
NM_001256862
[9220151]
NM_001256863
[9258123]
NM_001256863
[9267618]
NM_001256867
[9325164]
NM_001256867
[9329910]
NM_001256867
[9334657]
NM_001256867
[9339402]
NM_001256867
[9344147]
NM_001256867
[9348892]
NM_001256867
[9353637]
NM_001256867
[9363128]
NM_001267536
[84235772, 84237585, 84238327, 84238572, 84239317, 84239787, 84241048, 84242146, 84242459]
NM_001267536
[84428348, 84431467, 84511406, 84511733, 84512368, 84512541, 84513214, 84513966, 84514232, 84514914, 84516701]
NM_001267574
[28711416, 28713700, 28713908, 28714320, 28714635, 28714818, 28715306, 28723163, 28723447, 28724321, 28724657, 28724918, 28726604, 28727020, 28731828, 28734519, 28734777, 28734931, 28735172, 28735430]
NM_001267574
[28379581, 28379975, 28380291, 28380467, 28380631, 28383117, 28388057, 28388507, 28390290, 28390519, 28390839, 28391751, 28391979, 28392034, 28399870, 28400376, 28400614, 28400858, 28401206, 28401538, 28403517]
NM_001267713
[1336615, 1341727, 1352099, 1352321, 1356220, 1358860, 1365137, 1378658, 1381022, 1382390]
NM_001267713
[1336615, 1341727, 1352099, 1352321, 1356220, 1358860, 1365137, 1378658, 1381022, 1382390]
NM_001272061
[52184822, 52185870, 52186396, 52187641, 52187948, 52188205, 52188673, 52189386, 52189551, 52189985, 52190344, 52190993, 52191430, 52192056]
NM_001272061
[52061826, 52062233, 52062986, 52063702, 52064046, 52064500, 52064628, 52065329, 52065809, 52066082, 52066249, 52066864, 52067962, 52069129]
NM_001272062
[52184822, 52185921, 52186396, 52187641, 52187948, 52188205, 52188673, 52189386, 52189551, 52189985, 52190993, 52191430, 52192056]
NM_001272062
[52061826, 52062233, 52062986, 52064046, 52064500, 52064628, 52065329, 52065809, 52066082, 52066249, 52066864, 52067962, 52069129]
NM_001272063
[52061826, 52062233, 52062986, 52064046, 52064500, 52064628, 52065329, 52065809, 52066082, 52066249, 52066864, 52067962, 52069129]
NM_001272063
[52184822, 52185891, 52186396, 52187641, 52187948, 52188205, 52188673, 52189386, 52189551, 52189985, 52190993, 52191430, 52192056]
NM_001277303
[21846328, 21848198, 21856791, 21858003, 21859451, 21865015, 21867596, 21869071, 21872006, 21872339, 21876836]
NM_001277303
[20835371, 20837243, 20845832, 20847044, 20848492, 20854056, 20856635, 20858110, 20861041, 20861374, 20865871]
NM_001277304
[20835371, 20837243, 20845832, 20847044, 20848492, 20854056, 20856635, 20858110, 20861041, 20861374, 20865871]
NM_001277304
[21846328, 21848198, 21856791, 21858003, 21859451, 21865015, 21867596, 21869071, 21872006, 21872339, 21876836]
NM_001277323
[14711688, 14716067, 14719826, 14720089, 14723191, 14724317, 14724487, 14725882]
NM_001277323
[14750812, 14755191, 14758946, 14759209, 14762311, 14763437, 14763607, 14765002]
NM_001277324
[14711688, 14716067, 14719826, 14720089, 14723191, 14724317, 14724487, 14725882]
NM_001277324
[14750812, 14755191, 14758946, 14759209, 14762311, 14763437, 14763607, 14765002]
NM_001277332
[41041317, 41097748, 41097785, 41140247, 41149449, 41167729]
NM_001277332
[41275697]
NM_001277335
[102483138, 102483824, 102485038, 102488462, 102493115, 102493824, 102494537, 102494880, 102495277, 102496139, 102496468, 102496846, 102500698, 102501095, 102503162, 102506694, 102509598, 102510178, 102511924, 102517645]
NM_001277335
[102582317, 102583003, 102584217, 102587634, 102592284, 102592993, 102593706, 102594049, 102594446, 102595304, 102595633, 102596011, 102599859, 102600256, 102602323, 102605857, 102608760, 102609340, 102611085, 102616624]
NM_001277423
[102460318, 102461919, 102462844, 102463124, 102463591, 102464494, 102465448, 102469032, 102471147, 102471772]
NM_001277423
[102215300, 102215827, 102217954, 102221540, 102222424, 102223381, 102223764, 102224083, 102225026, 102226364]
NM_001278507
[144182969]
NM_001278507
[144266673]
NM_001278697
[52696895, 52697983, 52698853, 52700442, 52702580, 52704496, 52705127, 52705680, 52707111]
NM_001278697
[52751202, 52752660, 52753187, 52753837, 52755799, 52757853, 52759500, 52760343, 52760913]
NM_001278701
[52696895, 52697983, 52698785, 52700442, 52702580, 52704496, 52705127, 52705680, 52707111]
NM_001278701
[52751203, 52752660, 52753187, 52753837, 52755799, 52757853, 52759500, 52760343, 52760913]
NM_001278702
[52696895, 52697983, 52698853, 52700442, 52702580, 52704496, 52705127, 52705680, 52707111]
NM_001278702
[52751203, 52752660, 52753187, 52753837, 52755799, 52757853, 52759500, 52760343, 52760913]
NM_001278794
[47918738, 47921928]
NM_001278794
[46461098, 46465677]
NM_001281972
[54735819, 54735970]
NM_001281972
[54832675, 54835078, 54837575, 54839427, 54847183, 54847750, 54847901]
NM_001282469
[9337463, 9337746, 9338620, 9338826, 9339039, 9339291, 9340067]
NM_001282469
[9398420, 9399559, 9399765, 9399978, 9400230, 9401006]
NM_001282469
[9487266, 9487549, 9488423, 9488629, 9488842, 9489094, 9489870]
NM_001282469
[9527879, 9529018, 9529224, 9529437, 9529689, 9530465]
NM_001282472
[22604337, 22607799, 22608050, 22608230, 22608905, 22609428, 22610752, 22611077, 22611701, 22611984, 22612198, 22613174, 22613379, 22613552, 22613801, 22614693, 22614955, 22615918, 22617708]
NM_001282472
[30082954, 30084770, 30085782, 30086023, 30086957, 30087258, 30087394, 30087574, 30088739, 30088932, 30089235, 30089699, 30090211, 30091534, 30092041, 30092707, 30092890, 30093083, 30093323]
NM_001282478
[7539627, 7540644, 7540951, 7541247]
NM_001282478
[7778590, 7780021, 7780334, 7781159]
NM_001282479
[7778590, 7780021, 7780334, 7781159]
NM_001282479
[7539626, 7540644, 7540951, 7541247]
NM_001282490
[30604029, 30605842, 30606854, 30607095, 30608029, 30608330, 30608466, 30608646, 30609805, 30609998, 30610301, 30610765, 30611277, 30612596, 30613103, 30613769, 30613952, 30614145, 30614385]
NM_001282490
[32389520, 32393041, 32393292, 32393472, 32393513, 32394144, 32394663, 32395962, 32396286, 32396919, 32397202, 32397416, 32398559, 32398764, 32398937, 32399247, 32400139, 32400401, 32401355, 32403146]
NM_001282494
[32593455, 32595267, 32596277, 32596518, 32597450, 32597751, 32597887, 32598067, 32599226, 32599419, 32599722, 32600186, 32600698, 32602012, 32602519, 32603185, 32603368, 32603561, 32603802]
NM_001282494
[30604029, 30605842, 30606854, 30607095, 30608029, 30608330, 30608466, 30608646, 30609805, 30609863, 30609998, 30610301, 30610765, 30611277, 30612596, 30613103, 30613769, 30613952, 30614145, 30614385]
NM_001282501
[152714585, 152715956, 152716647, 152716895, 152717041]
NM_001282501
[152749862, 152751508, 152751724, 152752393, 152753787]
NM_001282502
[152714585, 152715956, 152716895, 152717041]
NM_001282502
[152749862, 152751508, 152752393, 152753787]
NM_001282504
[152714585, 152716895, 152717041]
NM_001282504
[152749862, 152751508, 152753787]
NM_001282505
[152714585, 152717041]
NM_001282505
[152749862, 152753787]
NM_001282507
[16335929, 16340305, 16344044, 16344307, 16347402, 16348526, 16348696, 16350091]
NM_001282507
[16379244, 16383663, 16387398, 16387661, 16390766, 16391890, 16392060, 16393455]
NM_001282507
[18317918, 18319794, 18319939, 18321016, 18324090, 18324398, 18328113, 18332599]
NM_001282511
[16335929, 16340305, 16344044, 16344307, 16347402, 16348526, 16348696, 16350091]
NM_001282511
[16379244, 16383663, 16387398, 16387661, 16390766, 16391890, 16392060, 16393455]
NM_001282511
[18317918, 18319794, 18319939, 18321016, 18324090, 18324398, 18328113, 18332599]
NM_001282537
[7769587]
NM_001282537
[34400111]
NM_001283050
[5022492, 5025008, 5026279, 5027934, 5032052, 5033407, 5040584]
NM_001283050
[44222994, 44230053, 44231279, 44235271, 44236866, 44238447, 44240803]
NM_001283052
[44226826, 44230053, 44231279, 44235271, 44236866, 44238447, 44240803]
NM_001283052
[5022492, 5025008, 5026431, 5027934, 5032052, 5033407, 5034581]
NM_001286478
[28379581, 28379975, 28380291, 28380467, 28380631, 28383117, 28388057, 28388507, 28390290, 28390519, 28390839, 28391751, 28391979, 28392034, 28399870, 28400376, 28400614, 28400858, 28401206, 28401538, 28403517, 28403786]
NM_001286478
[28711416, 28711656, 28713700, 28713908, 28714350, 28714635, 28714818, 28715306, 28723163, 28723447, 28724321, 28724657, 28724918, 28726604, 28727020, 28731828, 28734519, 28734777, 28734931, 28735172, 28735430]
NM_001286836
[41183404, 41185992, 41189104]
NM_001286836
[65675833, 65679165, 65681573]
NM_001286836
[68241888, 68245212, 68247612]
NM_001290091
[69004576, 69008856, 69009915, 69014022, 69018237, 69020208, 69020358]
NM_001290091
[68815992, 68818028, 68822270, 68826409, 68827328, 68830599]
NM_001291459
[38127953, 38129494, 38129729, 38131098, 38131620, 38132144, 38132581, 38133946, 38134538, 38135372, 38135851, 38136380, 38136850, 38137984]
NM_001291459
[36165680, 36167543, 36168066, 36168629, 36169079, 36169890, 36170554, 36171854, 36172293, 36172844, 36173407, 36174730, 36174978, 36176479]
NM_001291459
[37978154, 37980019, 37980542, 37981105, 37981555, 37982363, 37983027, 37984324, 37984763, 37985314, 37985877, 37987200, 37987448, 37988949]
NM_001291459
[38004018, 38005559, 38005794, 38007163, 38007685, 38008209, 38008646, 38010004, 38010596, 38011430, 38011909, 38012438, 38012908, 38014024]
NM_001291462
[38127967, 38129494, 38129729, 38131098, 38131620, 38132144, 38132581, 38133946, 38134538, 38135372, 38135851, 38136380, 38136850, 38137984]
NM_001291462
[36377530, 36379395, 36379918, 36380481, 36380931, 36381739, 36382403, 36383700, 36384139, 36384690, 36385253, 36386575, 36386823, 36388324]
NM_001291462
[36449715, 36450203, 36451623, 36452146, 36452709, 36453159, 36453967, 36454631, 36455928, 36456372, 36456943, 36457489]
NM_001291462
[36165680, 36167543, 36168066, 36168629, 36169079, 36169890, 36170554, 36171854, 36172293, 36172844, 36173407, 36174730, 36174978, 36176479]
NM_001291462
[36323883, 36325410, 36325645, 36327014, 36327536, 36328060, 36328497, 36329855, 36330447, 36331281, 36331760, 36332289, 36332759, 36333875]
NM_001291463
[38127967, 38129494, 38129729, 38131098, 38131620, 38132144, 38132581, 38133946, 38134538, 38135372, 38135851, 38136380, 38136850, 38137984]
NM_001291463
[36165680, 36167543, 36168066, 36168629, 36169079, 36169890, 36170554, 36171854, 36172293, 36172844, 36173407, 36174730, 36174978, 36176479]
NM_001291463
[36253638, 36255484, 36256007, 36256570, 36257020, 36257828, 36258492, 36259789, 36260228, 36260779, 36261342, 36262665, 36262913, 36264414]
NM_001291463
[36377530, 36379395, 36379918, 36380481, 36380931, 36381739, 36382403, 36383700, 36384139, 36384690, 36385253, 36386575, 36386823, 36388324]
NM_001291463
[36449715, 36450203, 36451623, 36452146, 36452709, 36453159, 36453967, 36454631, 36455928, 36456372, 36456943, 36457489]
NM_001291463
[37978154, 37980019, 37980542, 37981105, 37981555, 37982363, 37983027, 37984324, 37984763, 37985314, 37985877, 37987200, 37987448, 37988949]
NM_001291463
[38004032, 38005559, 38005794, 38007163, 38007685, 38008209, 38008646, 38010004, 38010596, 38011430, 38011909, 38012438, 38012908, 38014024]
NM_001291464
[36377530, 36379395, 36379918, 36380481, 36380931, 36381739, 36382403, 36434785, 36435224, 36435775, 36436338, 36437661, 36437909, 36439410]
NM_001291464
[37924471, 37925998, 37926233, 37927602, 37928124, 37928648, 37929085, 37930449, 37931041, 37931875, 37932354, 37932883, 37933353, 37934487]
NM_001291464
[38181658, 38183523, 38184046, 38184609, 38185059, 38185867, 38186531, 38187833, 38188272, 38188823, 38189386, 38190709, 38190957, 38192444]
NM_001291464
[38127967, 38129494, 38129729, 38131098, 38131620, 38132144, 38132581, 38133946, 38134538, 38135372, 38135851, 38136380, 38136850, 38137984]
NM_001291465
[38004032, 38005559, 38005794, 38007163, 38007685, 38008209, 38008646, 38010004, 38010596, 38011430, 38011909, 38012438, 38012908, 38014024]
NM_001291465
[38127967, 38129494, 38129729, 38131098, 38131620, 38132144, 38132581, 38133946, 38134538, 38135372, 38135851, 38136380, 38136850, 38137984]
NM_001291465
[36165680, 36167543, 36168066, 36168629, 36169079, 36169890, 36170554, 36171854, 36172293, 36172844, 36173407, 36174730, 36174978, 36176479]
NM_001291465
[37978154, 37980019, 37980542, 37981105, 37981555, 37982363, 37983027, 37984324, 37984763, 37985314, 37985877, 37987200, 37987448, 37988949]
NM_001291465
[36253638, 36255484, 36256007, 36256570, 36257020, 36257828, 36258492, 36259789, 36260228, 36260779, 36261342, 36262665, 36262913, 36264414]
NM_001291465
[38057692, 38059557, 38060080, 38060643, 38061094, 38061902, 38062566, 38063870, 38064309, 38064860, 38065423, 38066746, 38066994, 38068495]
NM_001291465
[36377530, 36379395, 36379918, 36380481, 36380931, 36381739, 36382403, 36383700, 36384139, 36384690, 36385253, 36386575, 36386823, 36388324]
NM_001291465
[36449715, 36450203, 36451623, 36452146, 36452709, 36453159, 36453967, 36454631, 36455928, 36456372, 36456943, 36457489]
NM_001291466
[38127969, 38129494, 38129729, 38131098, 38131620, 38132144, 38132581, 38133946, 38134538, 38135372, 38135851, 38136380, 38136850, 38137984]
NM_001291466
[38181658, 38183523, 38184046, 38184609, 38185059, 38185867, 38186531, 38187833, 38188272, 38188823, 38189386, 38190709, 38190957, 38192444]
NM_001291468
[36103826, 36104527, 36105239]
NM_001291468
[36211062, 36211775, 36212496]
NM_001291469
[36103826, 36104527, 36105046]
NM_001291469
[36211062, 36211775, 36212292]
NM_001291470
[36103826, 36104527]
NM_001291470
[36211062, 36211775]
NM_001291471
[36103826, 36104527, 36105066, 36105155]
NM_001291471
[36211062, 36211775, 36212312]
NM_001291472
[36103826, 36104527, 36105087, 36105155]
NM_001291472
[36211062, 36211775, 36212333]
NM_001291473
[36103826, 36104527, 36105117, 36105155]
NM_001291473
[36211062, 36211775, 36212363]
NM_001291474
[36103826, 36105046, 36105155]
NM_001291474
[36211062, 36212292]
NM_001291475
[36103826, 36104527, 36104643, 36105059, 36105155]
NM_001291475
[36211062, 36211775, 36212302]
NM_001291535
[135811979, 135813453, 135813927, 135816096, 135819773]
NM_001291535
[135846497, 135847971, 135848445, 135850614, 135854299]
NM_001291535
[135863775, 135865250, 135865724, 135867892, 135871573]
NM_001291540
[135846138, 135847971, 135848445, 135850614, 135854299]
NM_001291540
[135863417, 135865250, 135865724, 135867892, 135871573]
NM_001291540
[135811620, 135813453, 135813927, 135816096, 135819773]
NM_001291543
[135777446, 135778917, 135779392, 135781560, 135785219]
NM_001291543
[135794708, 135796179, 135796654, 135798824, 135802493]
NM_001291543
[135829250, 135830721, 135831196, 135833364, 135837024]
NM_001291904
[19089460, 19093212, 19093464, 19096082]
NM_001291904
[19154523, 19158461, 19158778, 19162444]
NM_001291904
[19215629, 19219381, 19219633, 19222248]
NM_001291905
[19089460, 19093212, 19093464, 19096082]
NM_001291905
[19154523, 19158461, 19158778, 19162444]
NM_001291905
[19215629, 19219381, 19219633, 19222248]
NM_001297715
[70924940, 70938838, 70941388, 70942357, 70942717, 70944657, 70946065, 70952438]
NM_001297715
[70049522, 70063414, 70065964, 70066933, 70067293, 70069234, 70070640, 70077018]
NM_001300891
[13175280, 13176240, 13178570]
NM_001300891
[13049807, 13052117, 13053366]
NM_001302265
[6977648, 6978459, 6979116, 6980012]
NM_001302265
[6996765, 6997576, 6998233, 6999122]
NM_001302551
[13061309]
NM_001302551
[13164554]
NM_001302670
[23980027, 23980947, 23982627, 23982872, 23983396]
NM_001302670
[23957413, 23958326, 23958550, 23960293, 23961019]
NM_001303410
[22168541, 22169534, 22169704, 22170738, 22171283, 22171834, 22172900, 22175025, 22177093, 22180290, 22180860, 22182834]
NM_001303410
[22308862, 22405443, 22406024, 22409151, 22411244, 22413407, 22414477, 22415028, 22415573, 22416607, 22416804, 22417304]
NM_001306072
[13073677, 13074658, 13076990]
NM_001306072
[13148904, 13151548, 13152802]
NM_001310134
[13148750, 13151548, 13152802]
NM_001310134
[13073677, 13074658, 13076990]
NM_001310138
[16673002]
NM_001310138
[16733806]
NM_001313692
[7744950, 7748898, 7754951, 7758104]
NM_001313692
[34375479, 34379427, 34385477, 34388628]
NM_001314050
[43169040, 43170516, 43172070]
NM_001314050
[6560723, 6562200, 6563754]
NM_001317815
[72959484, 72960020, 72961349, 72965758, 72966832]
NM_001317815
[75398141, 75398915, 75403644, 75404838, 75405181]
NM_001317856
[28379581, 28379975, 28380291, 28380467, 28380631, 28383117, 28388057, 28388507, 28390290, 28390519, 28390839, 28391751, 28391979, 28399870, 28400376, 28400614, 28400858, 28401206, 28401538, 28403517, 28403737]
NM_001317856
[28711419, 28711656, 28713700, 28713908, 28714320, 28714635, 28714818, 28715306, 28723163, 28723447, 28724321, 28724657, 28724918, 28726604, 28727020, 28731828, 28734519, 28734777, 28734931, 28735172, 28735430]
NM_001317857
[28379581, 28379975, 28380291, 28380467, 28380631, 28383117, 28388057, 28388507, 28390290, 28390519, 28390839, 28391751, 28391979, 28399870, 28400376, 28400614, 28400858, 28401206, 28401538, 28403517, 28403786]
NM_001317857
[28711419, 28711656, 28713700, 28713908, 28714320, 28714635, 28714818, 28715306, 28723163, 28723447, 28724321, 28724657, 28724918, 28726604, 28727020, 28731828, 28734519, 28734777, 28734931, 28735172, 28735430]
NM_001320298
[6444868, 6448480, 6449822, 6450511, 6450903, 6452118, 6453988, 6454630, 6455577, 6456880, 6457064, 6457293, 6457920, 6460186, 6463662, 6464943, 6467902, 6468417]
NM_001320298
[43053190, 43056802, 43058144, 43058833, 43059225, 43060440, 43062310, 43062952, 43063899, 43065202, 43065386, 43065615, 43066242, 43068508, 43071984, 43073265, 43076224, 43076739]
NM_001320383
[5120635, 5121710, 5124755, 5125878, 5127897, 5128213]
NM_001320383
[44133611, 44134101, 44136059, 44137176, 44140249, 44141163]
NM_001320384
[44133611, 44134101, 44136059, 44137176, 44140249, 44140941]
NM_001320384
[5120635, 5121710, 5124755, 5125878, 5127897, 5128213]
NM_001320579
[30192929, 30193357, 30193532]
NM_001320579
[29453587, 29454015, 29454190]
NM_001320607
[30192929, 30193357, 30193532]
NM_001320607
[29453587, 29454015, 29454190]
NM_001320643
[43414482, 43417542, 43418259, 43419020, 43419352, 43419858, 43420233, 43421009, 43421242, 43421637, 43421973, 43425406, 43426022, 43427009]
NM_001320643
[6111072, 6112069, 6112738, 6116223, 6116461, 6116893, 6117127, 6117803, 6118255, 6118782, 6119023, 6119719, 6120486, 6121143]
NM_001320646
[6484622, 6486137, 6486321, 6487106, 6487362, 6492130, 6495992, 6499128]
NM_001320646
[43092955, 43094470, 43094654, 43095437, 43095693, 43100452, 43104314, 43107450]
NM_001320648
[6484622, 6486137, 6486321, 6487106, 6487362, 6493043, 6495992, 6499128]
NM_001320648
[43092955, 43094470, 43094654, 43095437, 43095693, 43101365, 43104314, 43107450]
NM_001320650
[6484622, 6486137, 6486321, 6487106, 6487362, 6492254, 6495992, 6499128]
NM_001320650
[43092955, 43094470, 43094654, 43095437, 43095693, 43100576, 43104314, 43107450]
NM_001320651
[6484622, 6486137, 6486321, 6487106, 6487362, 6492130, 6493043, 6495992, 6499128]
NM_001320651
[43092955, 43094470, 43094654, 43095437, 43095693, 43100452, 43101365, 43104314, 43107450]
NM_001320719
[6561919, 6562200, 6563754]
NM_001320719
[43170235, 43170516, 43172070]
NM_001320944
[21511337, 21513346, 21513933, 21517056, 21519149, 21521312, 21522382, 21522934, 21523479, 21524709, 21525209]
NM_001320944
[21534878, 21536887, 21537474, 21540597, 21542690, 21544853, 21545923, 21546475, 21547020, 21548249, 21548749]
NM_001320944
[21880075, 21881063, 21882271, 21882816, 21883368, 21884434, 21886559, 21888627, 21891824, 21892404, 21894378]
NM_001320945
[21903617, 21904605, 21904780, 21905812, 21906357, 21906909, 21907975, 21910100, 21915365, 21915945, 21917919]
NM_001320945
[21534878, 21536887, 21537474, 21542690, 21544853, 21545923, 21546475, 21547020, 21548052, 21548249, 21548749]
NM_001320945
[21880075, 21881063, 21881239, 21882271, 21882816, 21883368, 21884434, 21886559, 21891824, 21892404, 21894378]
NM_001320945
[21511337, 21513346, 21513933, 21519149, 21521312, 21522382, 21522934, 21523479, 21524511, 21524709, 21525209]
NM_001320948
[21903849, 21904605, 21905812, 21906357, 21906909, 21907975, 21910100, 21912168, 21915365, 21915945, 21917919]
NM_001320948
[21511337, 21513346, 21513933, 21517056, 21519149, 21521312, 21522382, 21522934, 21523479, 21524709, 21525209]
NM_001320948
[21534878, 21536887, 21537474, 21540597, 21542690, 21544853, 21545923, 21546475, 21547020, 21548249, 21548749]
NM_001320948
[21880307, 21881063, 21882271, 21882816, 21883368, 21884434, 21886559, 21888627, 21891824, 21892404, 21894378]
NM_001320949
[21511337, 21513346, 21513933, 21517056, 21519149, 21521312, 21522382, 21522934, 21523479, 21524709, 21525209]
NM_001320949
[21534878, 21536887, 21537474, 21540597, 21542690, 21544853, 21545923, 21546475, 21547020, 21548249, 21548749]
NM_001320949
[21880075, 21881063, 21882271, 21882816, 21883368, 21884434, 21886559, 21888627, 21891824, 21892404, 21894378]
NM_001320949
[21903617, 21904605, 21905812, 21906357, 21906909, 21907975, 21910100, 21912168, 21915365, 21915945, 21917919]
NM_001320950
[21534878, 21535699, 21536887, 21537488, 21540597, 21542690, 21544853, 21545923, 21546475, 21547020, 21548249, 21548749]
NM_001320950
[21880075, 21881063, 21882271, 21882816, 21883368, 21884434, 21886559, 21888627, 21891824, 21892404, 21893640, 21894378]
NM_001320950
[21903617, 21904605, 21905812, 21906357, 21906909, 21907975, 21910100, 21912168, 21915365, 21915945, 21917181, 21917919]
NM_001320950
[21511337, 21512158, 21513346, 21513947, 21517056, 21519149, 21521312, 21522382, 21522934, 21523479, 21524709, 21525209]
NM_001320962
[9337463, 9337746, 9338620, 9338826, 9339039, 9339280, 9340067]
NM_001320962
[9398420, 9399559, 9399765, 9399978, 9400219, 9401006]
NM_001320962
[9487266, 9487549, 9488423, 9488629, 9488842, 9489083, 9489870]
NM_001320962
[9527879, 9529018, 9529224, 9529437, 9529678, 9530465]
NM_001320964
[9337463, 9337875, 9338620, 9338826, 9339039, 9339291, 9340067]
NM_001320964
[9466954, 9467348, 9468093, 9468299, 9468512, 9468764, 9469538]
NM_001321072
[43053190, 43056802, 43058144, 43058833, 43059225, 43060440, 43062310, 43062952, 43063899, 43065202, 43065386, 43065615, 43066242, 43067777]
NM_001321072
[6444868, 6448480, 6449822, 6450511, 6450903, 6452118, 6453988, 6454630, 6455577, 6456880, 6457064, 6457293, 6457920, 6459455]
NM_001321073
[6444868, 6445539, 6448480, 6449822, 6450511, 6450903, 6452118, 6453988, 6454630, 6455577, 6456880, 6457064, 6457293, 6457920, 6460186, 6463662, 6464943, 6467902]
NM_001321073
[43053190, 43053861, 43056802, 43058144, 43058833, 43059225, 43060440, 43062310, 43062952, 43063899, 43065202, 43065386, 43065615, 43066242, 43068508, 43071984, 43073265, 43076224]
NM_001321178
[52947255, 52955153, 52956272]
NM_001321178
[52897295, 52900567, 52907108]
NM_001321179
[52897295, 52899467, 52900567, 52907108]
NM_001321179
[52947255, 52955153, 52956272, 52957087]
NM_001321180
[52898566, 52899058, 52900567, 52907108]
NM_001321180
[52947255, 52955153, 52956272, 52957087]
NM_001321181
[52891598, 52899058, 52900567, 52907108]
NM_001321181
[52947255, 52955153, 52956272, 52964083]
NM_001321182
[52897295, 52899058, 52907108]
NM_001321182
[52947255, 52956272, 52958404]
NM_001321183
[52947255, 52955153, 52956272, 52958623]
NM_001321183
[52896940, 52899467, 52900567, 52907108]
NM_001321186
[52947255, 52955153, 52956272, 52964083]
NM_001321186
[52891598, 52899467, 52900567, 52907108]
NM_001321187
[52897295, 52899467, 52900567, 52907108]
NM_001321187
[52947255, 52955153, 52956272, 52958404]
NM_001321188
[52898154, 52899467, 52900567, 52907108]
NM_001321188
[52947255, 52955153, 52956272, 52957601]
NM_001321271
[135863417, 135865250, 135865724, 135867892, 135871728]
NM_001321271
[135811620, 135813453, 135813927, 135816096, 135819928]
NM_001321271
[135846138, 135847971, 135848445, 135850614, 135854454]
NM_001321367
[2691132, 2714421, 2717604, 2719660, 2720355, 2722626, 2723313, 2726259, 2733356]
NM_001321367
[2691132, 2714421, 2717604, 2719660, 2720355, 2722626, 2723313, 2726259, 2733356]
NM_001321368
[2691132, 2714421, 2717604, 2719660, 2720355, 2722626, 2723313, 2726259, 2738202, 2740778]
NM_001321368
[2691132, 2714421, 2717604, 2719660, 2720355, 2722626, 2723313, 2726259, 2738202, 2740778]
NM_001321369
[2691132, 2714421, 2719660, 2720355, 2722626, 2723313, 2726259, 2738202, 2740778]
NM_001321369
[2691132, 2714421, 2719660, 2720355, 2722626, 2723313, 2726259, 2738202, 2740778]
NM_001321370
[2691132, 2714421, 2717604, 2719660, 2720355, 2722626, 2726259, 2738199, 2740778]
NM_001321370
[2691132, 2714421, 2717604, 2719660, 2720355, 2722626, 2726259, 2738199, 2740778]
NM_001321400
[152714585, 152715078, 152715956, 152716647, 152716895, 152717041]
NM_001321400
[152749862, 152751508, 152751724, 152752393, 152753312, 152753787]
NM_001321401
[152749862, 152751508, 152752393, 152753312, 152753541, 152753787]
NM_001321401
[152714585, 152714846, 152715078, 152715956, 152716895, 152717041]
NM_001321402
[152749862, 152751508, 152751724, 152752393, 152753787]
NM_001321402
[152714585, 152715956, 152716647, 152716895, 152717041]
NM_001321403
[152749862, 152751508, 152752393, 152753787]
NM_001321403
[152714585, 152715956, 152716895, 152717041]
NM_001321404
[152749862, 152753787]
NM_001321404
[152714585, 152717041]
NM_001322036
[5553636, 5585822, 5590018]
NM_001322036
[6228965, 6234982, 6267134]
NM_001322036
[7048858, 7081048, 7085244]
NM_001322036
[7430636, 7462826, 7467022]
NM_001322044
[5553636, 5585822, 5590018]
NM_001322044
[6228965, 6234982, 6267134]
NM_001322044
[7048858, 7081048, 7085244]
NM_001322044
[7430636, 7462826, 7467022]
NM_001322047
[5553636, 5585822, 5590018]
NM_001322047
[6228965, 6234982, 6267134]
NM_001322047
[7048858, 7081048, 7085244]
NM_001322047
[7430636, 7462826, 7467022]
NM_001322975
[5569203, 5585822, 5590018]
NM_001322975
[6228965, 6234982, 6251721]
NM_001322975
[7064425, 7081048, 7085244]
NM_001322975
[7446203, 7462826, 7467022]
NM_001322975
[7669396, 7675413, 7692152]
NM_001330061
[33304360, 33305906]
NM_001330061
[33360895, 33362441]
NM_001330061
[33459666, 33461212]
NM_001330061
[32673523, 32675735]
NM_001330061
[33194280, 33195826]
NM_001330066
[32673527, 32675735]
NM_001330066
[33194281, 33195826]
NM_001330066
[33304361, 33305906]
NM_001330066
[33360896, 33362441]
NM_001330066
[33459667, 33461212]
NM_001330067
[154257559, 154262711, 154264995, 154266631, 154268351, 154270873]
NM_001330067
[154182617, 154187769, 154190053, 154191687, 154193407, 154195929]
NM_001330067
[154219755, 154224907, 154227191, 154228827, 154230547, 154233069]
NM_001330240
[45515228]
NM_001330240
[46329661, 46352819, 46358249, 46361675]
NM_001330240
[46547523, 46570758, 46576174, 46579600]
NM_001330244
[45515228]
NM_001330244
[46329661, 46352819, 46358249, 46361675]
NM_001330244
[46547523, 46570758, 46576174, 46579600]
NM_001346068
[145095982, 145098987, 145103006, 145104528]
NM_001346068
[143963350, 143964854, 143968923, 143970989]
NM_001346071
[143955363, 143968923, 143970989]
NM_001346071
[145095982, 145098987, 145111502]
NM_001346780
[103655515, 103656284, 103656843, 103657793, 103658439, 103659409, 103660359, 103660576, 103662656, 103662885, 103664330]
NM_001346780
[103687414, 103688957, 103689193, 103691293, 103691487, 103692426, 103693299, 103693978, 103694979, 103695471, 103696283]
NM_001346780
[103749653, 103750423, 103750982, 103751932, 103752578, 103753548, 103754498, 103754714, 103756794, 103757023, 103758468]
NM_001346870
[70968482, 70974128, 70976159, 70976905, 70979868, 70983774, 70986744, 70987792, 70998723, 71001697, 71002091, 71003775, 71011274, 71012347, 71020658, 71021599, 71023115]
NM_001346870
[71101255, 71102405, 71104743, 71108660, 71111630, 71112678, 71123616, 71126594, 71126988, 71128671]
NM_001348070
[72781864, 72782171, 72782524]
NM_001348070
[72938162, 72938475, 72938805]
NM_001348071
[72781864, 72782171, 72782524]
NM_001348071
[72938162, 72938487, 72938805]
NM_001348072
[72938162, 72938475, 72938805]
NM_001348072
[72781864, 72782171, 72782524]
NM_001348073
[72781864, 72782171, 72782524]
NM_001348073
[72938162, 72938487, 72938805]
NM_001348147
[145164140]
NM_001348147
[149702208]
NM_001348152
[145164098]
NM_001348152
[149702327]
NM_001348202
[72807424, 72807729, 72808074]
NM_001348202
[72912614, 72912931, 72913250]
NM_001348203
[72807424, 72807729, 72808074]
NM_001348203
[72912614, 72912919, 72913250]
NM_001349948
[16376046, 16379175, 16383663, 16387398, 16387661, 16390766, 16391890, 16392060, 16393455]
NM_001349948
[18317918, 18319794, 18319939, 18321016, 18324090, 18324398, 18328113, 18332599, 18334850]
NM_001349949
[18317918, 18319794, 18319939, 18321016, 18324090, 18324398, 18328113, 18332599, 18334850]
NM_001349949
[16376046, 16379175, 16383663, 16387398, 16387661, 16390766, 16391890, 16392060, 16393455]
NM_001350212
[104072872, 104074240, 104074568, 104076139]
NM_001350212
[103962596, 103964227, 103964505, 103965538]
NM_001350919
[28378663, 28380506, 28381211, 28381454, 28382389, 28382701, 28382837, 28383017, 28384146, 28384342, 28384645, 28385124, 28385648, 28387088, 28387601, 28388267, 28388450, 28388640, 28388878]
NM_001350919
[28519610, 28522842, 28523084, 28523267, 28523942, 28524471, 28525918, 28526254, 28526901, 28527184, 28527398, 28528507, 28528712, 28528885, 28529206, 28530099, 28530363, 28531008, 28532825]
NM_001350920
[28378663, 28380506, 28381211, 28381454, 28382389, 28382701, 28382837, 28383017, 28384146, 28384342, 28384645, 28385124, 28385648, 28387088, 28387601, 28388267, 28388450, 28388640, 28388878]
NM_001350920
[28519610, 28522842, 28523084, 28523267, 28523942, 28524471, 28525918, 28526254, 28526901, 28527184, 28527398, 28528507, 28528712, 28528885, 28529206, 28530099, 28530363, 28531008, 28532825]
NM_001351111
[72807424, 72807729, 72808074]
NM_001351111
[72912614, 72912919, 72913250]
NM_001351112
[72912614, 72912931, 72913250]
NM_001351112
[72807424, 72807729, 72808074]
NM_001351114
[149548391, 149549369]
NM_001351114
[149929585, 149930586]
NM_001351349
[73020995, 73022053, 73022280, 73024229, 73025542, 73026634, 73027836]
NM_001351349
[73049140, 73050196, 73050423, 73052368, 73053681, 73054773, 73055981]
NM_001351349
[73077250, 73078306, 73078533, 73080482, 73081795, 73082887, 73084108]
NM_001351349
[73105283, 73106339, 73106566, 73108516, 73109829, 73110921, 73112122]
NM_001351349
[75281242, 75282367, 75283618, 75284904, 75286695, 75287061, 75288019]
NM_001351349
[75309170, 75310295, 75311546, 75312832, 75314623, 75314989, 75315947]
NM_001351349
[75337137, 75338262, 75339513, 75340799, 75342590, 75342956, 75343914]
NM_001351349
[77023584, 77024640, 77024867, 77026828, 77028141, 77029232, 77030440]
NM_001351351
[73021094, 73022053, 73022280, 73024229, 73025542, 73026634, 73027836]
NM_001351351
[77023681, 77024640, 77024867, 77026828, 77028141, 77029232, 77030440]
NM_001351351
[75280708, 75282367, 75283618, 75284904, 75286695, 75287061, 75288019]
NM_001351351
[75308636, 75310295, 75311546, 75312832, 75314623, 75314989, 75315947]
NM_001351351
[75336603, 75338262, 75339513, 75340799, 75342590, 75342956, 75343914]
NM_001351351
[73077347, 73078306, 73078533, 73080482, 73081795, 73082887, 73084108]
NM_001351351
[73105380, 73106339, 73106566, 73108516, 73109829, 73110921, 73112122]
NM_001351351
[73049237, 73050196, 73050423, 73052368, 73053681, 73054773, 73055981]
NM_001354006
[43053190, 43056802, 43058144, 43058833, 43059225, 43060440, 43062310, 43062952, 43063899, 43065202, 43065386, 43065615, 43066242, 43068508, 43071984, 43073265, 43076224, 43076739]
NM_001354006
[6444868, 6448480, 6449822, 6450511, 6450903, 6452118, 6453988, 6454630, 6455577, 6456880, 6457064, 6457293, 6457920, 6460186, 6463662, 6464943, 6467902, 6468417]
NM_001354007
[43053190, 43053861, 43056802, 43058144, 43058833, 43059225, 43060440, 43062310, 43062952, 43063899, 43065202, 43065386, 43065615, 43066242, 43068508, 43071984, 43073265, 43076224, 43076739]
NM_001354007
[6444868, 6445539, 6448480, 6449822, 6450511, 6450903, 6452118, 6453988, 6454630, 6455577, 6456880, 6457064, 6457293, 6457920, 6460186, 6463662, 6464943, 6467902, 6468417]
NM_001354008
[43053190, 43056802, 43058144, 43058833, 43059225, 43060440, 43062310, 43062952, 43063899, 43065202, 43065386, 43065615, 43066242, 43068508, 43071984, 43073265, 43076224]
NM_001354008
[6444868, 6448480, 6449822, 6450511, 6450903, 6452118, 6453988, 6454630, 6455577, 6456880, 6457064, 6457293, 6457920, 6460186, 6463662, 6464943, 6467902]
NM_001354009
[6444868, 6448480, 6449822, 6450511, 6450903, 6452118, 6453988, 6454630, 6455577, 6456880, 6457064, 6457293, 6457920, 6460186, 6463662, 6464943, 6467447]
NM_001354009
[43053190, 43056802, 43058144, 43058833, 43059225, 43060440, 43062310, 43062952, 43063899, 43065202, 43065386, 43065615, 43066242, 43068508, 43071984, 43073265, 43075769]
NM_001354010
[6444868, 6445539, 6448480, 6449822, 6450511, 6450903, 6452118, 6453988, 6454630, 6455577, 6456880, 6457064, 6457293, 6457920, 6460186, 6463662, 6464943, 6467447]
NM_001354010
[43053190, 43053861, 43056802, 43058144, 43058833, 43059225, 43060440, 43062310, 43062952, 43063899, 43065202, 43065386, 43065615, 43066242, 43068508, 43071984, 43073265, 43075769]
NM_001354012
[6444868, 6448480, 6449822, 6450511, 6450903, 6452118, 6453988, 6454630, 6455577, 6456880, 6457064, 6457293, 6457920, 6460186, 6463662, 6464943, 6467012]
NM_001354012
[43053190, 43056802, 43058144, 43058833, 43059225, 43060440, 43062310, 43062952, 43063899, 43065202, 43065386, 43065615, 43066242, 43068508, 43071984, 43073265, 43075334]
NM_001354014
[6444868, 6447735, 6448480, 6449822, 6450511, 6450903, 6452118, 6453988, 6454630, 6455577, 6456880, 6457064, 6457293, 6457920, 6460186, 6463662, 6464943, 6467447]
NM_001354014
[43053190, 43056057, 43056802, 43058144, 43058833, 43059225, 43060440, 43062310, 43062952, 43063899, 43065202, 43065386, 43065615, 43066242, 43068508, 43071984, 43073265, 43075769]
NM_001354015
[6444868, 6445539, 6447735, 6448480, 6449822, 6450511, 6450903, 6452118, 6453988, 6454630, 6455577, 6456880, 6457064, 6457293, 6457920, 6460186, 6463662, 6464943, 6467447]
NM_001354015
[43053190, 43053861, 43056057, 43056802, 43058144, 43058833, 43059225, 43060440, 43062310, 43062952, 43063899, 43065202, 43065386, 43065615, 43066242, 43068508, 43071984, 43073265, 43075769]
NM_001354366
[46962767]
NM_001354366
[47022286]
NM_001354366
[47028201]
NM_001354422
[49560838, 49561988, 49562545, 49568091]
NM_001354422
[49570396, 49571546, 49572103, 49577640]
NM_001354437
[69560204, 69565099, 69566130, 69566588, 69566966, 69567726, 69568152, 69572444, 69578711, 69579020, 69579756, 69582365, 69585593, 69586253, 69590327, 69592078]
NM_001354437
[71035346, 71037506, 71041521, 71042180, 71045443, 71048005, 71048761, 71049067, 71055351, 71059689, 71060119, 71060843, 71061271, 71061687, 71062707, 71067493]
NM_001354438
[69560204, 69565099, 69566130, 69566588, 69566966, 69567726, 69568152, 69572444, 69578711, 69579020, 69579756, 69582365, 69585593, 69586253, 69590327, 69592078]
NM_001354438
[71035346, 71037506, 71041521, 71042180, 71045443, 71048005, 71048761, 71049067, 71055351, 71059689, 71060119, 71060843, 71061271, 71061687, 71062707, 71067654]
NM_001354439
[69560204, 69565099, 69566130, 69566966, 69567726, 69568152, 69572444, 69578711, 69579020, 69579756, 69582365, 69585593, 69586253, 69590327, 69592078]
NM_001354439
[71035346, 71037506, 71041521, 71042180, 71045443, 71048005, 71048761, 71049067, 71055351, 71059689, 71060119, 71060843, 71061687, 71062707, 71067654]
NM_001354554
[16733951]
NM_001354554
[16673002]
NM_001355277
[51681212]
NM_001355277
[51710511]
NM_001355278
[51681212]
NM_001355278
[51710511]
NM_001355401
[29483533, 29487193, 29487338, 29491466, 29491774, 29495478, 29505472, 29505793]
NM_001355401
[30222873, 30223941, 30224206, 30225106, 30227163, 30227308, 30231439, 30231747, 30235450, 30245453, 30245774]
NM_001355407
[146297990]
NM_001355407
[148748773]
